(sp9:0.38864,(sp11:0.55038,(sp10:0.47074,(((sp12:0.11452,
sp13:0.06686):0.03188,(sp14:0.08229,sp1:0.13678):0.08245):0.08473,
((sp7:0.45787,sp15:0.23623):0.05582,(sp6:0.58100,(((sp3:0.37445,
sp2:0.47048):0.11871,(sp4:0.09660,sp5:0.14634):0.07014):0.03640,
sp16:0.34427):0.00874):0.01747):0.10959):0.04838):0.03767):0.13083,sp8:0.21357);
