(sp9:0.29098,(((((sp3:0.34550,sp2:0.53125):0.03713,(sp5:0.16666,
sp4:0.11545):0.10722):0.09244,(sp6:0.46713,(sp7:0.44923,
sp15:0.25678):0.06430):0.03594):0.01202,sp16:0.35639):0.07365,
((((sp12:0.13963,sp13:0.03237):0.04493,(sp1:0.21738,sp14:0.09089):0.04353):0.15285,
sp11:0.59779):0.00903,sp10:0.49310):0.00110):0.16050,sp8:0.21430);
