(sp9:0.29175,(((((((sp3:0.25967,sp2:0.50985):0.07742,(sp5:0.13613,
sp4:0.06971):0.08766):0.08736,(sp16:0.43941,(sp7:0.40484,
sp15:0.17581):0.11091):0.02631):0.01859,sp6:0.45600):0.09829,
((sp12:0.10442,sp13:0.04102):0.02959,(sp1:0.26061,sp14:0.07118):0.04172):0.09768):0.02543,
sp10:0.48000):0.01852,sp11:0.56761):0.20255,sp8:0.19773);
