(sp9:0.36305,((((((((sp3:0.31531,sp2:0.51083):0.06966,(sp4:0.09008,
sp5:0.16373):0.08003):0.04991,sp16:0.38593):0.01978,(sp7:0.44395,
sp15:0.21801):0.09350):0.01411,sp6:0.57079):0.02811,sp11:0.52855):0.01367,
sp10:0.57149):0.01204,((sp12:0.11280,sp13:0.04681):0.02468,
(sp14:0.08103,sp1:0.25623):0.06076):0.13798):0.21807,sp8:0.17747);
