(sp9:0.27534,((((sp12:0.07622,sp13:0.03170):0.05241,(sp14:0.10627,
sp1:0.25024):0.04062):0.09642,(sp10:0.46206,sp11:0.63855):0.03045):0.02590,
(sp6:0.54201,((((sp3:0.35019,sp2:0.46452):0.07184,(sp4:0.09653,
sp5:0.15256):0.07809):0.07080,sp16:0.40743):0.01404,(sp7:0.46430,
sp15:0.22518):0.09477):0.01183):0.06734):0.16328,sp8:0.21888);
