(sp9:0.36115,(((sp12:0.09890,sp13:0.02969):0.07061,(sp14:0.12672,
sp1:0.24384):0.04030):0.07110,((sp11:0.54850,((((sp4:0.06316,
sp5:0.19079):0.13286,(sp2:0.57438,sp3:0.32719):0.05009):0.05736,
(sp16:0.40933,(sp7:0.41460,sp15:0.18827):0.08050):0.02104):0.03666,
sp6:0.57488):0.02909):0.01684,sp10:0.42898):0.01488):0.16646,sp8:0.25203);
