(sp9:0.31583,(((((((sp3:0.21553,sp2:0.55880):0.07787,(sp5:0.18551,
sp4:0.09168):0.08774):0.10558,(sp6:0.56860,(sp7:0.45629,
sp15:0.25844):0.05132):0.01803):0.00865,sp16:0.40850):0.08905,
((sp12:0.08856,sp13:0.05428):0.02162,(sp1:0.23163,sp14:0.09745):0.05766):0.09288):0.02519,
sp11:0.58909):0.00754,sp10:0.51587):0.12245,sp8:0.19320);
