(sp9:0.38147,(((sp12:0.08662,sp13:0.05770):0.05673,(sp14:0.10228,
sp1:0.18261):0.05752):0.08743,(sp11:0.64777,((((sp3:0.32685,
sp2:0.45263):0.09370,(sp4:0.08529,sp5:0.18378):0.06025):0.08245,
((sp16:0.42273,sp6:0.45038):0.03640,(sp7:0.51698,sp15:0.20129):0.05667):0.02845):0.10640,
sp10:0.46534):0.00428):0.00544):0.08336,sp8:0.20931);
