(sp9:0.37583,(((((((sp3:0.31559,sp2:0.51391):0.07905,(sp4:0.07608,
sp5:0.15899):0.10891):0.07694,sp6:0.52238):0.03495,(sp16:0.38585,
(sp7:0.46314,sp15:0.22200):0.08888):0.02477):0.06872,((sp12:0.09081,
sp13:0.04991):0.01934,(sp14:0.08134,sp1:0.21211):0.08599):0.15021):0.03133,
sp11:0.49537):0.01441,sp10:0.49033):0.09487,sp8:0.29207);
