(sp9:0.35264,(sp10:0.53486,(sp11:0.62068,(((sp12:0.12148,
sp13:0.06084):0.02425,(sp1:0.17818,sp14:0.06795):0.06390):0.09438,
((sp7:0.52337,sp15:0.25087):0.08935,(((sp3:0.34066,(sp5:0.15346,
sp4:0.10689):0.05900):0.02686,sp2:0.56618):0.07037,(sp16:0.38896,
sp6:0.64224):0.01872):0.02378):0.09675):0.01454):0.04372):0.19247,sp8:0.16565);
