(sp9:0.40788,((((sp3:0.37893,sp2:0.48709):0.06383,(sp4:0.08383,
sp5:0.11992):0.09218):0.07101,((sp16:0.33494,sp6:0.50781):0.03319,
(sp7:0.43960,sp15:0.22102):0.06200):0.04744):0.04484,((((sp12:0.14318,
sp13:0.06011):0.01611,(sp14:0.11341,sp1:0.21500):0.05634):0.05650,
sp11:0.49663):0.00575,sp10:0.53532):0.01350):0.12585,sp8:0.21180);
