(sp9:0.32601,((((sp3:0.37926,(sp4:0.10500,sp5:0.15318):0.06371):0.01662,
sp2:0.48505):0.06124,((sp16:0.41411,(sp7:0.37997,sp15:0.20661):0.06476):0.02725,
sp6:0.55346):0.01962):0.08371,(((sp12:0.11820,sp13:0.04228):0.03715,
(sp14:0.12568,sp1:0.21549):0.02231):0.10906,(sp11:0.69330,
sp10:0.40825):0.02078):0.00691):0.24210,sp8:0.20362);
