(sp9:0.41754,(((sp12:0.11454,sp13:0.04532):0.03314,(sp1:0.21486,
sp14:0.11487):0.04502):0.14290,(sp10:0.55695,(((((sp3:0.25869,
sp2:0.41972):0.08404,(sp5:0.15522,sp4:0.08979):0.09053):0.07258,
(sp16:0.33237,(sp7:0.42722,sp15:0.18559):0.04124):0.02095):0.02479,
sp6:0.48283):0.03963,sp11:0.67956):0.01412):0.02302):0.13073,sp8:0.18799);
