(sp9:0.37195,((((sp12:0.13672,sp13:0.04924):0.02909,(sp1:0.17809,
sp14:0.11895):0.05503):0.07641,(sp11:0.38550,sp10:0.39466):0.05721):0.03392,
(sp6:0.54311,((sp7:0.40301,sp15:0.19763):0.04904,(((sp3:0.37641,
sp2:0.38798):0.06867,(sp5:0.11619,sp4:0.06539):0.08380):0.07519,
sp16:0.33012):0.01732):0.02768):0.03107):0.17461,sp8:0.18540);
