(sp9:0.31151,((((sp12:0.09704,sp13:0.05032):0.03637,(sp14:0.06718,
sp1:0.17971):0.06313):0.09204,(sp11:0.63143,sp10:0.42183):0.06411):0.00644,
((sp7:0.43081,sp15:0.20802):0.05533,(sp6:0.48012,(((sp3:0.32515,
sp2:0.45183):0.05475,(sp4:0.07238,sp5:0.16592):0.09750):0.05204,
sp16:0.36571):0.00948):0.01113):0.07619):0.17661,sp8:0.26414);
