(sp9:0.36200,((((((sp3:0.33758,sp2:0.39667):0.07300,(sp5:0.12700,
sp4:0.09626):0.07546):0.08371,(sp16:0.32956,(sp7:0.40148,
sp15:0.21456):0.06025):0.02063):0.01211,sp6:0.51845):0.12804,
(sp10:0.48659,sp11:0.50985):0.03015):0.01764,((sp12:0.09372,
sp13:0.04810):0.03471,(sp1:0.27341,sp14:0.09389):0.03536):0.06930):0.11445,sp8:0.19700);
