(sp9:0.34921,(((sp12:0.11226,sp13:0.03183):0.06046,(sp1:0.19580,
sp14:0.08587):0.03997):0.07934,((sp10:0.41477,sp11:0.50370):0.06725,
(sp6:0.63222,(((sp3:0.30544,sp2:0.43968):0.03899,(sp5:0.16261,
sp4:0.07203):0.09517):0.13251,(sp16:0.29928,(sp7:0.40826,
sp15:0.18713):0.10742):0.00756):0.01230):0.04644):0.00904):0.07044,sp8:0.25535);
