(sp9:0.32361,((((sp12:0.11819,sp13:0.04698):0.04106,(sp1:0.21719,
sp14:0.10118):0.04278):0.09881,sp10:0.66633):0.02094,((((sp3:0.33335,
sp2:0.57691):0.05176,(sp5:0.16834,sp4:0.11265):0.10878):0.05201,
((sp16:0.35868,sp6:0.52353):0.02563,(sp7:0.53555,sp15:0.24183):0.11202):0.02508):0.04820,
sp11:0.47695):0.00406):0.18790,sp8:0.21430);
