(sp9:0.36020,(((((((sp3:0.25976,sp2:0.45348):0.08009,(sp5:0.19127,
sp4:0.06491):0.09297):0.08058,(sp16:0.34577,(sp7:0.46363,
sp15:0.19502):0.07948):0.01954):0.03440,sp6:0.48345):0.05231,
((sp12:0.11950,sp13:0.06332):0.02473,(sp1:0.20433,sp14:0.10420):0.04770):0.09166):0.03644,
sp11:0.51884):0.00979,sp10:0.43937):0.18151,sp8:0.25786);
