(sp9:0.40963,((((sp12:0.14361,sp13:0.04987):0.01684,(sp14:0.12482,
sp1:0.20151):0.08030):0.05987,sp10:0.45476):0.01918,(sp11:0.50733,
(sp6:0.65313,((((sp3:0.37430,sp2:0.41763):0.08713,(sp4:0.10276,
sp5:0.17263):0.05515):0.06665,sp16:0.37715):0.01243,(sp7:0.47767,
sp15:0.26724):0.08145):0.00892):0.06368):0.00708):0.22128,sp8:0.20059);
