(sp9:0.37148,(((((sp3:0.33551,sp2:0.44866):0.05512,(sp5:0.16554,
sp4:0.04691):0.09376):0.05473,((sp16:0.35692,sp6:0.67023):0.04191,
(sp7:0.45210,sp15:0.22604):0.07844):0.02247):0.08921,(((sp12:0.15071,
sp13:0.03998):0.03615,(sp1:0.23508,sp14:0.10246):0.04560):0.07084,
sp10:0.53149):0.02558):0.00933,sp11:0.55591):0.12081,sp8:0.23133);
