(sp9:0.38079,(sp11:0.59046,(sp10:0.57109,(((sp12:0.10593,
sp13:0.04640):0.05316,(sp14:0.11178,sp1:0.24477):0.04935):0.11564,
(sp16:0.37375,(((sp4:0.10058,sp5:0.14421):0.10013,(sp2:0.48802,
sp3:0.34966):0.09136):0.03747,(sp6:0.54936,(sp7:0.46161,
sp15:0.23645):0.06659):0.02644):0.01879):0.08319):0.00921):0.02096):0.14449,sp8:0.23176);
