(sp9:0.44547,(sp11:0.55759,((((((sp3:0.37272,(sp4:0.08593,
sp5:0.14258):0.04051):0.03859,sp2:0.49542):0.04447,(sp16:0.42126,
sp6:0.46941):0.04915):0.02266,(sp7:0.38661,sp15:0.19549):0.08349):0.02749,
sp10:0.45403):0.02076,((sp12:0.08296,sp13:0.03688):0.05477,
(sp14:0.08844,sp1:0.26957):0.06048):0.09488):0.03280):0.15366,sp8:0.24666);
