(sp9:0.31767,(((sp12:0.09070,sp13:0.03195):0.05438,(sp1:0.26974,
sp14:0.14159):0.01940):0.12684,(((((sp3:0.27951,sp2:0.48386):0.01965,
(sp5:0.14798,sp4:0.08926):0.09028):0.04065,((sp16:0.35808,
sp6:0.45138):0.02913,(sp7:0.37043,sp15:0.22625):0.09034):0.01852):0.08432,
sp10:0.56320):0.01135,sp11:0.56355):0.00856):0.10351,sp8:0.30744);
