(sp9:0.32133,(((sp12:0.11819,sp13:0.04010):0.04166,(sp14:0.12321,
sp1:0.21494):0.05756):0.09966,(((((sp3:0.35259,sp2:0.51763):0.04852,
(sp4:0.09288,sp5:0.10942):0.11462):0.06464,(((sp16:0.42304,
sp7:0.45440):0.03026,sp15:0.27386):0.03840,sp6:0.47713):0.00936):0.08557,
sp11:0.52810):0.00660,sp10:0.43744):0.03407):0.16120,sp8:0.26118);
