(sp9:0.36982,((((((sp3:0.31462,sp2:0.54408):0.06479,(sp5:0.15541,
sp4:0.09105):0.07669):0.10580,((sp16:0.47173,(sp7:0.46130,
sp15:0.24637):0.03972):0.00606,sp6:0.56620):0.04488):0.12160,
sp11:0.52710):0.01789,(((sp12:0.10342,sp13:0.07021):0.02253,
sp14:0.10094):0.02608,sp1:0.29232):0.11154):0.01102,sp10:0.52562):0.18123,sp8:0.23849);
