(sp9:0.35823,(((sp12:0.11696,sp13:0.05601):0.00956,(sp14:0.10311,
sp1:0.24085):0.07042):0.13072,((sp11:0.65772,sp10:0.54461):0.01224,
(((((sp3:0.32442,sp2:0.52357):0.12543,(sp4:0.08965,sp5:0.14202):0.10406):0.09209,
sp6:0.55228):0.01878,sp16:0.49469):0.01725,(sp7:0.44648,
sp15:0.20177):0.11515):0.11489):0.03044):0.11191,sp8:0.24754);
