(sp9:0.41896,(((((sp3:0.34139,(sp4:0.09537,sp5:0.13740):0.11045):0.02012,
sp2:0.56237):0.03987,((sp16:0.42108,(sp7:0.33427,sp15:0.23778):0.06257):0.02467,
sp6:0.51349):0.01534):0.05031,(((sp12:0.14853,sp13:0.03210):0.03327,
(sp14:0.13224,sp1:0.24136):0.08903):0.07677,sp10:0.46089):0.02987):0.01625,
sp11:0.54977):0.11911,sp8:0.20783);
