(sp9:0.32613,((((((sp3:0.35005,sp2:0.45863):0.03517,(sp4:0.08046,
sp5:0.15257):0.12662):0.05169,(sp16:0.36599,(sp7:0.38927,
sp15:0.20435):0.11571):0.04528):0.01539,sp6:0.51033):0.01812,
sp11:0.58312):0.01924,(((sp12:0.08954,sp13:0.02330):0.02384,
(sp14:0.08349,sp1:0.19848):0.04684):0.10396,sp10:0.52346):0.01718):0.10914,sp8:0.21309);
