(sp9:0.34976,(sp10:0.51059,(((sp12:0.07187,sp13:0.06739):0.04048,
(sp14:0.12073,sp1:0.19458):0.05180):0.09811,(((((sp3:0.28204,
sp2:0.50602):0.05430,(sp4:0.07372,sp5:0.17452):0.10210):0.07082,
sp16:0.36664):0.02380,(sp6:0.53559,(sp7:0.45480,sp15:0.25374):0.10564):0.04172):0.04182,
sp11:0.66891):0.01516):0.01976):0.17300,sp8:0.24612);
