(sp9:0.40936,(((sp12:0.14540,sp13:0.03701):0.03604,(sp14:0.10171,
sp1:0.20731):0.07099):0.07656,(sp11:0.59081,((((sp3:0.33891,
sp2:0.43462):0.13325,(sp4:0.10138,sp5:0.15197):0.11162):0.04929,
((sp16:0.46371,(sp7:0.42934,sp15:0.18822):0.03977):0.02267,
sp6:0.50765):0.03831):0.04048,sp10:0.50966):0.01009):0.02408):0.12125,sp8:0.27980);
