(sp9:0.33062,(((((sp12:0.11538,sp13:0.04738):0.01954,(sp14:0.11134,
sp1:0.24675):0.07894):0.07540,sp11:0.58869):0.04625,sp10:0.42920):0.01364,
(sp6:0.59584,(((sp3:0.33450,sp2:0.51090):0.06664,(sp4:0.10024,
sp5:0.18209):0.09849):0.06041,(sp16:0.37712,(sp7:0.37852,
sp15:0.22839):0.07091):0.01848):0.00781):0.04588):0.17268,sp8:0.24094);
