(sp9:0.36433,(sp10:0.54526,(sp11:0.55850,(((sp12:0.07541,
sp13:0.04017):0.05646,(sp1:0.18950,sp14:0.10359):0.03126):0.11895,
(sp6:0.62366,((sp7:0.43264,sp15:0.21491):0.05503,(((sp3:0.31859,
sp2:0.44313):0.05671,(sp5:0.16950,sp4:0.07781):0.06407):0.06109,
sp16:0.37358):0.00878):0.02402):0.09509):0.01525):0.03884):0.17634,sp8:0.22840);
