(sp9:0.40047,((((sp12:0.12506,sp13:0.05423):0.05306,(sp1:0.21736,
sp14:0.12720):0.07725):0.06192,(sp11:0.65385,sp10:0.46090):0.01517):0.00996,
(sp6:0.51083,((((sp3:0.24445,sp2:0.40191):0.10680,(sp5:0.15729,
sp4:0.06196):0.06696):0.06679,(sp7:0.41511,sp15:0.21325):0.07646):0.01414,
sp16:0.35075):0.02722):0.09071):0.10405,sp8:0.24727);
