(sp9:0.47235,((((((sp3:0.37293,sp2:0.45641):0.11285,(sp4:0.11311,
sp5:0.15667):0.09804):0.04317,(sp16:0.54349,(sp7:0.43874,
sp15:0.22880):0.11592):0.02593):0.02802,sp6:0.58699):0.05699,
sp11:0.59268):0.03945,(((sp12:0.11296,sp13:0.06518):0.04488,
(sp14:0.11281,sp1:0.22664):0.04738):0.06574,sp10:0.54203):0.01665):0.18368,sp8:0.24591);
