(sp9:0.31721,(((sp12:0.12078,sp13:0.04924):0.04028,(sp14:0.10906,
sp1:0.22459):0.02622):0.10523,((sp10:0.45602,sp11:0.53977):0.03896,
(sp16:0.36392,(((sp3:0.30799,sp2:0.39124):0.10632,(sp4:0.08565,
sp5:0.16714):0.09774):0.08813,(sp6:0.56699,(sp7:0.45406,
sp15:0.23873):0.02574):0.01167):0.01015):0.04786):0.00644):0.17963,sp8:0.24713);
