(sp9:0.38950,(((sp12:0.12894,sp13:0.08754):0.01375,(sp1:0.27938,
sp14:0.08372):0.05305):0.12784,((sp10:0.55361,sp11:0.54566):0.02701,
(sp16:0.42006,(((sp3:0.29670,sp2:0.42700):0.06244,(sp5:0.18579,
sp4:0.07664):0.12416):0.06521,(sp6:0.48882,(sp7:0.48192,
sp15:0.25337):0.09749):0.00592):0.00529):0.06616):0.02030):0.17602,sp8:0.23473);
