(sp9:0.38768,(((sp12:0.09526,sp13:0.05084):0.02781,(sp14:0.13590,
sp1:0.21461):0.03078):0.11386,(((((sp3:0.33545,(sp4:0.03954,
sp5:0.13906):0.12292):0.00514,sp2:0.46172):0.06122,((sp16:0.34739,
sp6:0.48811):0.02869,(sp7:0.36668,sp15:0.24146):0.07629):0.03259):0.03474,
sp10:0.50133):0.00446,sp11:0.61483):0.02639):0.14676,sp8:0.26336);
