(sp9:0.33178,(sp11:0.60101,(((sp12:0.11863,sp13:0.05803):0.02964,
(sp14:0.08233,sp1:0.24671):0.05344):0.10518,(((((sp3:0.26070,
sp2:0.61255):0.09200,(sp4:0.09042,sp5:0.14916):0.07143):0.05647,
sp6:0.46183):0.02266,(sp16:0.37673,(sp7:0.44494,sp15:0.21621):0.10523):0.02261):0.05346,
sp10:0.48670):0.01171):0.01352):0.21041,sp8:0.20127);
