(sp9:0.31945,(((sp12:0.11310,sp13:0.03960):0.02908,(sp1:0.22795,
sp14:0.10717):0.03829):0.13795,(((((sp3:0.30607,sp2:0.48160):0.07164,
(sp5:0.16126,sp4:0.07648):0.11532):0.06958,((sp16:0.42899,
sp6:0.50916):0.04706,(sp15:0.22919,sp7:0.37139):0.14933):0.01321):0.07227,
sp10:0.52521):0.01733,sp11:0.59346):0.01774):0.18102,sp8:0.25268);
