(sp9:0.41320,((sp11:0.60567,sp10:0.51156):0.05498,(((sp12:0.10950,
sp13:0.07120):0.01949,(sp14:0.07766,sp1:0.26540):0.10433):0.14295,
(sp16:0.47030,(((sp4:0.07865,sp5:0.19772):0.10360,(sp2:0.60473,
sp3:0.37860):0.07647):0.11137,(sp6:0.61550,(sp7:0.45707,
sp15:0.23448):0.08264):0.02750):0.00856):0.01982):0.02985):0.12570,sp8:0.25686);
