(sp9:0.37438,(sp11:0.58356,(((((((sp3:0.31954,sp2:0.54050):0.07717,
sp6:0.56557):0.02268,(sp4:0.06938,sp5:0.19034):0.10341):0.01393,
sp16:0.49647):0.05055,(sp7:0.54170,sp15:0.25612):0.05664):0.04593,
sp10:0.43847):0.01216,((sp12:0.08920,sp13:0.05150):0.03021,
(sp14:0.09102,sp1:0.26536):0.07760):0.09005):0.03813):0.18973,sp8:0.18163);
