(sp9:0.39060,(((((sp12:0.10749,sp13:0.04338):0.06597,(sp14:0.11488,
sp1:0.19664):0.04177):0.09298,sp10:0.56214):0.03662,sp11:0.53745):0.01591,
(sp16:0.48631,((sp7:0.54348,sp15:0.28633):0.07228,(((sp3:0.32972,
sp2:0.43687):0.10182,(sp4:0.11282,sp5:0.18558):0.08279):0.06916,
sp6:0.57623):0.01080):0.01298):0.05147):0.20023,sp8:0.33507);
