(sp9:0.34325,(sp11:0.57511,(sp10:0.39986,(((sp12:0.09444,
sp13:0.03949):0.03867,(sp14:0.11428,sp1:0.19914):0.04394):0.10343,
(sp16:0.37559,(((sp3:0.32744,sp2:0.51921):0.10242,(sp4:0.07204,
sp5:0.13151):0.07399):0.05570,(sp6:0.50971,(sp7:0.44496,
sp15:0.20892):0.05506):0.01533):0.01840):0.04634):0.00827):0.03273):0.14434,sp8:0.26063);
