(sp9:0.28870,((((sp12:0.10001,sp13:0.06416):0.02562,(sp14:0.09183,
sp1:0.18605):0.02654):0.06520,sp10:0.52211):0.01928,((((sp3:0.26184,
sp2:0.46352):0.09143,(sp4:0.05811,sp5:0.13357):0.10810):0.01033,
(sp16:0.39507,(sp6:0.55062,(sp7:0.45747,sp15:0.20651):0.06407):0.01592):0.04866):0.07223,
sp11:0.52310):0.01333):0.17862,sp8:0.22427);
