(sp9:0.34451,(sp10:0.44829,(sp11:0.60353,(((sp12:0.12650,
sp13:0.04910):0.03029,(sp14:0.11699,sp1:0.22233):0.05011):0.09708,
(sp16:0.38297,(((sp3:0.32170,sp2:0.41218):0.06283,(sp4:0.05876,
sp5:0.13285):0.09410):0.08413,(sp6:0.56115,(sp7:0.38216,
sp15:0.25603):0.05463):0.03392):0.03254):0.03455):0.03077):0.04163):0.08993,sp8:0.22783);
