(sp9:0.37890,(((sp12:0.10387,sp13:0.05060):0.05483,(sp14:0.12703,
sp1:0.24616):0.03021):0.09182,((sp10:0.66579,sp11:0.58933):0.04642,
(sp6:0.50753,((((sp3:0.35313,sp2:0.52540):0.06654,(sp4:0.11787,
sp5:0.15864):0.08385):0.06582,(sp7:0.43344,sp15:0.27878):0.07234):0.00792,
sp16:0.39614):0.01763):0.05289):0.03673):0.13461,sp8:0.24478);
