(sp9:0.34819,((sp11:0.48521,sp10:0.43594):0.04383,(((sp12:0.12572,
sp13:0.06044):0.02199,(sp1:0.22594,sp14:0.09025):0.05650):0.09154,
((sp7:0.37709,sp15:0.16524):0.11374,(sp16:0.40990,(((sp3:0.27201,
sp2:0.52472):0.01741,(sp5:0.14104,sp4:0.07483):0.07232):0.04029,
sp6:0.51206):0.00647):0.01651):0.09452):0.01591):0.16792,sp8:0.19448);
