(sp9:0.39988,((((sp12:0.12444,sp13:0.03712):0.01861,sp14:0.11089):0.03313,
sp1:0.24039):0.06148,(sp11:0.58522,((((sp3:0.41273,(sp4:0.10549,
sp5:0.17375):0.09623):0.03490,sp2:0.63785):0.03725,((sp16:0.35751,
sp6:0.56476):0.04934,(sp7:0.41560,sp15:0.25845):0.11258):0.02574):0.08037,
sp10:0.56792):0.00907):0.01310):0.13164,sp8:0.26459);
