(sp9:0.39565,((sp11:0.52044,sp10:0.51595):0.01878,(((sp12:0.11193,
sp13:0.04801):0.04090,(sp14:0.11009,sp1:0.19910):0.06515):0.13926,
((sp7:0.44151,sp15:0.23725):0.09146,(sp6:0.59031,(((sp3:0.28956,
sp2:0.49682):0.08699,(sp4:0.07179,sp5:0.13081):0.09370):0.04390,
sp16:0.40967):0.00740):0.00951):0.04555):0.00959):0.15331,sp8:0.27144);
