(sp9:0.33042,(((sp12:0.12201,sp13:0.05725):0.03216,(sp1:0.24185,
sp14:0.12844):0.09754):0.11390,((sp11:0.56618,sp10:0.46829):0.05878,
(sp6:0.56707,((((sp3:0.36740,sp2:0.54047):0.03642,(sp5:0.17378,
sp4:0.08844):0.08908):0.07652,sp16:0.42872):0.02423,(sp7:0.45473,
sp15:0.29380):0.11848):0.01846):0.08728):0.03327):0.26866,sp8:0.21740);
