(sp9:0.43012,((((((sp3:0.33343,sp2:0.47365):0.05613,(sp4:0.09907,
sp5:0.15629):0.11193):0.04553,((sp16:0.31160,sp6:0.52531):0.02427,
(sp7:0.42792,sp15:0.22551):0.10571):0.02038):0.03836,((sp12:0.10362,
sp13:0.04471):0.02944,(sp14:0.07466,sp1:0.22166):0.06069):0.10666):0.02871,
sp11:0.50759):0.02153,sp10:0.53464):0.11174,sp8:0.23422);
