(sp9:0.39222,((((sp12:0.10765,sp13:0.03573):0.03601,sp14:0.11097):0.02767,
sp1:0.18366):0.12064,(((((sp3:0.25038,sp2:0.58574):0.10962,
(sp4:0.07680,sp5:0.14783):0.07892):0.09680,((sp16:0.38269,
sp6:0.47361):0.06622,(sp7:0.37323,sp15:0.28426):0.06317):0.05677):0.05939,
sp10:0.44881):0.01422,sp11:0.59601):0.00899):0.15948,sp8:0.20126);
