(sp9:0.37169,((((sp12:0.11327,sp13:0.05628):0.03108,sp14:0.10996):0.02320,
sp1:0.28078):0.08037,((sp11:0.55786,sp10:0.52527):0.03089,
(sp6:0.54692,((((sp4:0.08317,sp5:0.15770):0.12813,(sp3:0.34997,
sp2:0.49545):0.08096):0.08171,sp16:0.43636):0.01056,(sp7:0.41975,
sp15:0.22230):0.07011):0.02756):0.06871):0.01219):0.18403,sp8:0.17699);
