(sp9:0.34684,(((sp12:0.12717,sp13:0.02876):0.03772,(sp14:0.10694,
sp1:0.22398):0.03944):0.12467,(((((sp3:0.26340,sp2:0.40090):0.09399,
(sp4:0.07297,sp5:0.13290):0.07460):0.06363,((sp16:0.38885,
sp6:0.52332):0.00442,(sp7:0.42803,sp15:0.21279):0.07645):0.03786):0.10952,
sp11:0.65621):0.01191,sp10:0.49712):0.00420):0.14637,sp8:0.17457);
