(sp9:0.35748,((((((sp3:0.26466,sp2:0.41812):0.13273,(sp4:0.07688,
sp5:0.16529):0.07588):0.10263,sp10:0.44121):0.02902,((sp16:0.49568,
sp6:0.48528):0.01481,(sp7:0.43502,sp15:0.25373):0.06712):0.02497):0.01729,
((sp12:0.08179,sp13:0.04186):0.02050,(sp14:0.08358,sp1:0.19947):0.05047):0.10644):0.00648,
sp11:0.53128):0.16209,sp8:0.21745);
