(sp9:0.38618,((((((sp3:0.31430,sp2:0.53624):0.03695,(sp4:0.06905,
sp5:0.16339):0.12226):0.03650,(sp16:0.37130,sp6:0.61631):0.04917):0.02415,
(sp7:0.45891,sp15:0.21197):0.08086):0.04872,(((sp12:0.13025,
sp13:0.04811):0.03084,(sp14:0.08676,sp1:0.21975):0.08805):0.10743,
sp11:0.57629):0.00556):0.00324,sp10:0.45841):0.14860,sp8:0.20543);
