(sp9:0.34869,(sp10:0.51696,(((sp12:0.12350,sp13:0.05017):0.06196,
(sp14:0.11518,sp1:0.25284):0.06342):0.10395,(((((sp3:0.34422,
sp2:0.56189):0.05008,(sp4:0.06343,sp5:0.15275):0.10629):0.08143,
sp6:0.56620):0.02072,(sp16:0.40251,(sp7:0.39911,sp15:0.20778):0.07355):0.02238):0.03539,
sp11:0.67255):0.00709):0.01653):0.13843,sp8:0.19921);
