(sp9:0.39426,((sp12:0.15657,(sp13:0.05862,(sp14:0.09871,
sp1:0.22366):0.02568):0.02440):0.10469,((((((sp3:0.40349,
sp2:0.61048):0.07493,(sp4:0.04746,sp5:0.15868):0.13444):0.06014,
sp16:0.38936):0.01961,(sp6:0.63039,(sp7:0.40963,sp15:0.27169):0.06897):0.04777):0.07048,
sp11:0.55458):0.03725,sp10:0.46303):0.01157):0.11020,sp8:0.22347);
