(sp9:0.32973,((((((sp3:0.24912,sp2:0.43003):0.10600,(sp4:0.08567,
sp5:0.14623):0.12508):0.06043,((sp16:0.44603,(sp7:0.46837,
sp15:0.23121):0.08186):0.00898,sp6:0.66269):0.04500):0.07540,
sp11:0.58958):0.02530,((sp12:0.11557,sp13:0.07263):0.04087,
(sp14:0.10360,sp1:0.20844):0.03917):0.06252):0.02020,sp10:0.53733):0.19773,sp8:0.22587);
