(sp9:0.37497,(((sp12:0.11925,sp13:0.05558):0.03473,(sp1:0.19946,
sp14:0.13368):0.04147):0.08818,(sp10:0.46964,((((((sp3:0.26177,
sp2:0.46636):0.07049,(sp5:0.14749,sp4:0.07297):0.11085):0.08274,
(sp7:0.41441,sp15:0.25381):0.09828):0.02541,sp6:0.58978):0.02402,
sp16:0.41622):0.03722,sp11:0.56264):0.01442):0.03305):0.10408,sp8:0.22726);
