(((sp11:0.69362,((sp1:0.21347,sp14:0.11241):0.07539,(sp13:0.06621,
sp12:0.12376):0.05743):0.16721):0.01877,(sp10:0.55979,(sp9:0.52317,
sp8:0.29602):0.14894):0.04021):0.05443,(((sp2:0.61608,sp3:0.45733):0.05620,
(sp4:0.14493,sp5:0.16386):0.09349):0.09722,((sp7:0.50985,
sp15:0.30472):0.03681,sp16:0.46206):0.04054):0.02041,sp6:0.71886);
