(sp10:0.58565,((sp9:0.37440,sp8:0.31291):0.15577,(((sp1:0.29255,
sp14:0.13216):0.04987,(sp12:0.13045,sp13:0.05266):0.04952):0.15519,
(sp6:0.62843,((sp7:0.55372,sp15:0.29702):0.09352,(((sp2:0.58560,
sp3:0.41645):0.07357,(sp5:0.18975,sp4:0.11955):0.12357):0.08299,
sp16:0.52375):0.01481):0.00817):0.07198):0.02374):0.02403,sp11:0.82166);
