(sp6:0.69261,((((sp2:0.61150,sp3:0.39430):0.07241,(sp5:0.22187,
sp4:0.07584):0.19654):0.04398,((sp7:0.53410,sp15:0.24127):0.09341,
sp16:0.50671):0.02050):0.06467,((sp10:0.55804,(sp9:0.39955,
sp8:0.32890):0.17366):0.00305,((sp1:0.30182,sp14:0.15695):0.03874,
(sp12:0.12860,sp13:0.04995):0.08276):0.09273):0.04219):0.02261,sp11:0.67141);
