(sp16:0.39109,(((sp2:0.62745,sp3:0.37923):0.02382,(sp5:0.14963,
sp4:0.08777):0.15748):0.07732,((((sp11:0.64982,(sp9:0.50912,
sp8:0.27594):0.17335):0.03487,sp10:0.65266):0.00923,(((sp1:0.22581,
sp14:0.18187):0.02278,sp13:0.06911):0.01558,sp12:0.15975):0.11248):0.09314,
(sp7:0.49927,sp15:0.31375):0.09907):0.00305):0.01406,sp6:0.67628);
