((sp7:0.48474,sp15:0.33371):0.11944,(sp16:0.44634,(((sp2:0.60143,
sp3:0.28415):0.05461,(sp4:0.10431,sp5:0.19449):0.09282):0.08712,
(sp11:0.59140,(((sp1:0.31597,sp14:0.16255):0.06971,(sp12:0.09616,
sp13:0.05477):0.08103):0.07979,(sp10:0.62291,(sp9:0.40198,
sp8:0.19329):0.19474):0.01559):0.02692):0.06575):0.04397):0.02583,sp6:0.58609);
