(sp10:0.49775,(((sp1:0.26709,sp14:0.14104):0.02638,(sp12:0.14209,
sp13:0.05567):0.04808):0.12871,((sp9:0.39949,sp8:0.27362):0.28997,
(((sp2:0.57599,(sp5:0.17791,sp4:0.12858):0.09338):0.01020,
sp3:0.49312):0.07349,(sp6:0.69376,(sp16:0.52197,(sp7:0.46318,
sp15:0.27861):0.08300):0.01355):0.01701):0.08373):0.00969):0.03132,sp11:0.81038);
