(sp16:0.46670,(((sp2:0.60864,sp3:0.43234):0.12298,(sp5:0.20395,
sp4:0.10320):0.12723):0.10323,((sp7:0.65085,sp15:0.28044):0.11210,
((sp10:0.68771,((sp1:0.35856,sp14:0.16460):0.07460,(sp12:0.10311,
sp13:0.05639):0.06534):0.10348):0.01808,(sp11:0.67917,(sp9:0.41426,
sp8:0.29678):0.22590):0.01622):0.13139):0.01923):0.06312,sp6:0.66159);
