(sp10:0.65117,(((((((sp2:0.59228,sp3:0.37845):0.05642,(sp5:0.20197,
sp4:0.10667):0.16373):0.05213,sp6:0.63349):0.02346,(sp7:0.46454,
sp15:0.26615):0.10758):0.01732,sp16:0.48762):0.04835,((sp1:0.31613,
sp14:0.16062):0.04617,(sp13:0.06263,sp12:0.10606):0.06867):0.15093):0.01238,
(sp8:0.34104,sp9:0.42028):0.26681):0.02192,sp11:0.72588);
