(sp3:0.41109,((sp4:0.10434,sp5:0.20238):0.09576,(((((sp11:0.53784,
sp10:0.58271):0.08705,(sp9:0.38966,sp8:0.34457):0.10197):0.04013,
((sp1:0.28547,sp14:0.14714):0.06559,(sp13:0.08871,sp12:0.14567):0.06555):0.15249):0.08855,
sp6:0.60515):0.00428,((sp7:0.54874,sp15:0.26676):0.07473,
sp16:0.44526):0.02140):0.08818):0.07039,sp2:0.69708);
