((((sp2:0.67296,sp3:0.43599):0.07061,(sp5:0.17570,sp4:0.10502):0.07918):0.07214,
sp16:0.46723):0.02689,((((sp11:0.59965,(sp9:0.42302,sp8:0.28712):0.10704):0.04727,
sp10:0.51497):0.04362,(sp1:0.21030,(sp14:0.15748,(sp12:0.15874,
sp13:0.07016):0.06769):0.01752):0.12264):0.11497,(sp7:0.61201,
sp15:0.28324):0.03375):0.00754,sp6:0.74307);
