(sp10:0.54289,(((sp1:0.22557,sp14:0.10105):0.07773,(sp13:0.06971,
sp12:0.12170):0.05030):0.11830,((sp8:0.32967,sp9:0.42478):0.17106,
((sp6:0.60821,((sp2:0.51887,sp3:0.38286):0.05488,(sp4:0.11966,
sp5:0.19784):0.15255):0.03326):0.03174,(sp16:0.48499,(sp7:0.55069,
sp15:0.28868):0.03914):0.01127):0.07437):0.03002):0.06247,sp11:0.75306);
