((sp9:0.43554,sp8:0.28947):0.10565,(sp10:0.61390,(((sp1:0.22822,
sp14:0.15352):0.08931,(sp13:0.04863,sp12:0.09432):0.06096):0.15583,
(((sp6:0.58743,sp2:0.66072):0.06780,(sp3:0.50218,(sp5:0.16016,
sp4:0.10443):0.16938):0.02048):0.02291,((sp7:0.53377,sp15:0.35980):0.06763,
sp16:0.52208):0.01314):0.10396):0.01847):0.03693,sp11:0.64220);
