(sp10:0.56798,((sp8:0.29467,sp9:0.41086):0.12029,(((sp1:0.21786,
sp14:0.14558):0.03062,(sp12:0.13597,sp13:0.08151):0.06464):0.15210,
(sp6:0.72888,(((sp2:0.59569,sp3:0.36762):0.13309,(sp4:0.12394,
sp5:0.17451):0.14627):0.09244,((sp7:0.57143,sp15:0.29701):0.15451,
sp16:0.44852):0.01887):0.01618):0.05289):0.02635):0.05757,sp11:0.70279);
