(sp3:0.29809,((sp4:0.17712,sp5:0.27886):0.09023,(((sp7:0.63119,
sp15:0.24626):0.05235,(sp6:0.50890,sp16:0.43619):0.03876):0.02579,
(((sp10:0.76245,((sp1:0.27670,sp14:0.13562):0.05820,(sp13:0.03806,
sp12:0.12332):0.08380):0.10945):0.02837,(sp9:0.50200,sp8:0.25993):0.09560):0.02794,
sp11:0.68058):0.04050):0.12575):0.17310,sp2:0.60485);
