(sp10:0.58735,((sp9:0.45647,sp8:0.27003):0.17825,(((sp1:0.24618,
sp14:0.14259):0.04666,(sp12:0.15097,sp13:0.07163):0.07884):0.11793,
(sp6:0.59488,(((sp2:0.59721,sp3:0.45721):0.04636,(sp4:0.11010,
sp5:0.17652):0.11712):0.08019,(sp16:0.48470,(sp7:0.44724,
sp15:0.25571):0.10187):0.01054):0.01768):0.11332):0.03393):0.03883,sp11:0.74035);
