((sp9:0.39205,sp8:0.24385):0.16965,(((((sp6:0.63998,(sp7:0.52288,
sp15:0.36944):0.03844):0.04470,(sp2:0.62754,(sp3:0.50031,
(sp4:0.15781,sp5:0.15455):0.10900):0.02698):0.06125):0.03273,
sp16:0.50973):0.04094,sp10:0.61791):0.01057,((sp1:0.28688,
sp14:0.11244):0.05218,(sp12:0.08370,sp13:0.05214):0.04476):0.19325):0.05023,sp11:0.66565);
