(sp16:0.44334,((((sp2:0.70028,sp3:0.40505):0.06464,(sp5:0.15335,
sp4:0.06903):0.12139):0.14949,((sp11:0.57745,(sp9:0.46187,
sp8:0.32553):0.11696):0.05239,(sp10:0.60094,((sp1:0.29577,
sp14:0.11622):0.06101,(sp12:0.17705,sp13:0.09873):0.04899):0.08340):0.01314):0.05124):0.02529,
(sp7:0.51930,sp15:0.23844):0.11551):0.02229,sp6:0.67483);
