(sp6:0.60023,(((((sp2:0.64644,sp3:0.29069):0.08001,(sp4:0.11709,
sp5:0.16037):0.09537):0.10869,sp16:0.51198):0.01077,(sp7:0.53059,
sp15:0.29712):0.10389):0.05247,((sp10:0.64339,((sp1:0.25664,
sp14:0.11971):0.04397,(sp13:0.06624,sp12:0.11194):0.06078):0.11723):0.01171,
(sp9:0.52973,sp8:0.26700):0.17965):0.03892):0.05254,sp11:0.68253);
