((sp9:0.48161,sp8:0.24570):0.16331,(((((sp6:0.54087,(sp7:0.54105,
sp15:0.24064):0.10825):0.01205,sp16:0.44509):0.05714,((sp2:0.42876,
sp3:0.40615):0.08045,(sp5:0.19264,sp4:0.12477):0.09624):0.08314):0.08276,
((sp1:0.24432,sp14:0.13677):0.03989,(sp13:0.07427,sp12:0.11900):0.02613):0.13852):0.02572,
sp10:0.67135):0.02265,sp11:0.75593);
