((((((sp2:0.56628,sp3:0.51678):0.05960,(sp4:0.14547,sp5:0.20296):0.08063):0.04177,
sp16:0.49789):0.04476,(((sp11:0.62430,(sp9:0.50021,sp8:0.24404):0.20098):0.02281,
sp10:0.52814):0.02444,(sp1:0.26326,(sp14:0.16059,(sp12:0.12840,
sp13:0.05299):0.04860):0.02531):0.12896):0.06874):0.03927,
sp6:0.58615):0.01076,sp15:0.33046,sp7:0.59439);
