((sp10:0.65323,((sp9:0.49576,sp8:0.26199):0.19273,((sp1:0.24794,
sp14:0.12001):0.07091,(sp13:0.05325,sp12:0.12309):0.04566):0.10824):0.03334):0.03658,
((sp6:0.59452,((sp7:0.44716,sp15:0.32070):0.12904,((sp2:0.55323,
sp3:0.42928):0.06093,(sp5:0.16840,sp4:0.11810):0.10412):0.07074):0.01992):0.01329,
sp16:0.53188):0.03093,sp11:0.71025);
