(sp3:0.39996,((sp4:0.11461,sp5:0.23779):0.11554,((((sp7:0.57946,
sp15:0.34368):0.10668,sp16:0.55719):0.03900,sp6:0.60000):0.01727,
((sp11:0.64432,((sp1:0.28039,sp14:0.17094):0.06316,(sp12:0.12438,
sp13:0.06872):0.05355):0.13440):0.00598,(sp10:0.47456,(sp9:0.46935,
sp8:0.31899):0.12596):0.02977):0.06544):0.04150):0.09395,sp2:0.62582);
