(sp16:0.43296,((sp7:0.49385,sp15:0.31682):0.11133,(((sp2:0.58864,
sp3:0.40220):0.11050,(sp5:0.20404,sp4:0.12434):0.14438):0.05705,
((sp11:0.73863,((sp1:0.27430,sp14:0.09369):0.05110,(sp12:0.12749,
sp13:0.04422):0.05875):0.12545):0.01377,(sp10:0.62617,(sp9:0.43543,
sp8:0.33136):0.16543):0.03556):0.10139):0.02494):0.05440,sp6:0.62054);
