(sp3:0.40985,((sp4:0.13113,sp5:0.22593):0.12795,(((sp6:0.56945,
sp16:0.43165):0.02537,(sp7:0.47992,sp15:0.33384):0.11800):0.02119,
((sp10:0.61784,((sp1:0.24784,sp14:0.12570):0.03500,(sp12:0.13703,
sp13:0.06675):0.04829):0.08904):0.02818,(sp11:0.69032,(sp9:0.47426,
sp8:0.39262):0.17833):0.01708):0.08742):0.04596):0.05505,sp2:0.65000);
