(sp3:0.34536,((sp5:0.21147,sp4:0.08222):0.13292,((((sp11:0.64956,
sp10:0.52301):0.03092,((sp1:0.22703,sp14:0.09997):0.04599,
(sp13:0.08768,sp12:0.12515):0.04422):0.11889):0.01224,(sp8:0.25907,
sp9:0.45202):0.19299):0.08703,(((sp7:0.59668,sp15:0.31957):0.08459,
sp6:0.59388):0.00361,sp16:0.44083):0.02088):0.07923):0.15267,sp2:0.67842);
