(sp3:0.46513,((sp5:0.23626,sp4:0.15601):0.10000,(((sp11:0.62839,
sp10:0.59034):0.04108,(((sp1:0.27197,sp14:0.17298):0.04799,
(sp12:0.15612,sp13:0.07654):0.03235):0.14332,(sp8:0.31462,
sp9:0.40384):0.25448):0.01405):0.13175,(sp16:0.48750,((sp6:0.64622,
sp7:0.52420):0.01333,sp15:0.39575):0.07019):0.03098):0.04802):0.14103,sp2:0.64126);
