(sp6:0.57629,((((sp2:0.56614,sp3:0.39211):0.10571,(sp5:0.20966,
sp4:0.11029):0.09660):0.07129,((sp7:0.52845,sp15:0.32960):0.05008,
sp16:0.45585):0.03812):0.03754,((sp10:0.58290,(sp8:0.23950,
sp9:0.41447):0.21825):0.00680,((sp1:0.23988,sp14:0.15563):0.09055,
(sp13:0.08031,sp12:0.09678):0.02929):0.13892):0.04027):0.07733,sp11:0.72068);
