(sp7:0.49828,((((((sp11:0.69841,sp10:0.52978):0.03954,(sp9:0.40631,
sp8:0.36938):0.20998):0.02525,((sp1:0.27372,sp14:0.12090):0.04144,
(sp12:0.14547,sp13:0.07541):0.05639):0.18933):0.06083,((sp2:0.73330,
sp3:0.39617):0.04119,(sp4:0.11359,sp5:0.14315):0.09088):0.13887):0.04218,
sp16:0.52226):0.00129,sp15:0.37580):0.04427,sp6:0.73256);
