(sp11:0.68841,((((sp2:0.66401,sp3:0.40374):0.03603,(sp4:0.08977,
sp5:0.17085):0.09824):0.10350,((sp7:0.54214,sp15:0.29675):0.06366,
sp16:0.44910):0.03526):0.04716,(sp10:0.67779,((sp9:0.38909,
sp8:0.35482):0.15134,((sp1:0.24758,sp14:0.14635):0.07757,
(sp13:0.04172,sp12:0.13282):0.05603):0.11254):0.01322):0.03929):0.06015,sp6:0.64504);
