(sp6:0.60296,((((sp2:0.60544,sp3:0.28606):0.06864,(sp5:0.17089,
sp4:0.11922):0.09133):0.10842,(sp7:0.62077,sp15:0.22556):0.08207):0.01277,
(((sp10:0.60630,((sp1:0.26960,sp14:0.09216):0.04564,(sp12:0.14059,
sp13:0.07272):0.04446):0.10103):0.03390,(sp8:0.32929,sp9:0.40009):0.17210):0.05396,
sp16:0.52350):0.01286):0.03716,sp11:0.73788);
