((((sp2:0.71516,(sp3:0.43914,(sp5:0.17959,sp4:0.07748):0.12026):0.03022):0.07144,
sp6:0.66428):0.04047,((sp7:0.46654,sp15:0.27529):0.09625,
sp16:0.46680):0.01402):0.04551,((sp10:0.59009,(sp9:0.41505,
sp8:0.25019):0.13094):0.02378,((sp1:0.28282,sp14:0.12743):0.07887,
(sp12:0.15300,sp13:0.05691):0.07821):0.12329):0.00959,sp11:0.74368);
