((sp12:0.15459,(sp1:0.23912,(sp14:0.08378,sp13:0.08080):0.00668):0.08169):0.03952,
(sp9:0.46174,(sp10:0.56315,(sp11:0.58883,(((((sp3:0.41336,
sp2:0.86033):0.08474,(sp5:0.22298,sp4:0.35301):0.03273):0.01906,
sp6:0.55894):0.01397,sp16:0.50418):0.04176,(sp7:0.52385,
sp15:0.30907):0.01590):0.02157):0.08830):0.11174):0.04293,sp8:0.23019);
