((sp9:0.40257,((sp12:0.13824,(sp13:0.04705,sp14:0.08244):0.04451):0.06506,
sp1:0.28654):0.04046):0.00373,(sp10:0.54921,(((((sp3:0.37183,
sp2:0.99271):0.04873,(sp4:0.32620,sp5:0.25785):0.05190):0.02436,
sp6:0.59540):0.03171,sp16:0.47297):0.04012,((sp11:0.53782,
sp7:0.48690):0.07973,sp15:0.34346):0.00629):0.12820):0.06285,sp8:0.28438);
