((sp9:0.42859,(sp12:0.18926,((sp13:0.07250,sp14:0.11384):0.04344,
sp1:0.26730):0.04310):0.04557):0.03453,(sp10:0.62491,((((((sp3:0.57693,
sp2:1.11664):0.08030,(sp4:0.36459,sp5:0.27506):0.04158):0.03264,
sp6:0.66897):0.10760,sp16:0.48821):0.10073,(sp11:0.66311,
sp7:0.57169):0.03432):0.01396,sp15:0.34516):0.07937):0.09010,sp8:0.31493);
