((sp12:0.15169,((sp13:0.05122,sp14:0.10525):0.02827,sp1:0.25321):0.03543):0.09305,
(sp9:0.38663,(sp10:0.62929,(sp11:0.60194,(((((((sp4:0.33713,
sp5:0.24865):0.02546,sp3:0.48746):0.04887,sp6:0.55676):0.04398,
sp2:0.98554):0.03702,sp16:0.48727):0.03295,sp7:0.49148):0.01231,
sp15:0.37640):0.03220):0.08527):0.05369):0.05165,sp8:0.22091);
