(((sp12:0.15415,(sp13:0.06243,sp14:0.11247):0.02490):0.01938,
sp1:0.23967):0.04806,(sp9:0.44890,(sp10:0.54690,(sp15:0.27825,
(sp11:0.60721,(sp7:0.52322,((((sp3:0.43376,sp4:0.33330):0.02246,
sp5:0.24639):0.03312,(sp2:0.98617,sp6:0.73484):0.04611):0.00950,
sp16:0.55222):0.04339):0.02314):0.02077):0.08390):0.08992):0.04464,sp8:0.23900);
