(sp9:0.37437,(((sp12:0.13839,(sp13:0.05256,sp14:0.12385):0.05799):0.03613,
sp1:0.24061):0.03451,(sp10:0.62917,(sp11:0.61713,((((sp3:0.33448,
sp2:0.87316):0.06477,(sp4:0.25613,sp5:0.17917):0.08510):0.04319,
sp6:0.62456):0.06680,(sp16:0.49222,(sp7:0.45919,sp15:0.30059):0.01276):0.03934):0.04191):0.05415):0.11120):0.01961,sp8:0.20616);
