((sp12:0.15910,(sp1:0.27128,(sp14:0.07427,sp13:0.08391):0.02284):0.08648):0.04315,
(sp9:0.46236,(sp10:0.66211,(((((((sp3:0.43253,sp4:0.26441):0.01298,
sp5:0.23288):0.03813,(sp2:1.01567,sp6:0.60144):0.16198):0.07614,
sp7:0.47183):0.01938,sp16:0.48980):0.02542,sp11:0.67149):0.01719,
sp15:0.32533):0.14378):0.01983):0.08189,sp8:0.31336);
