((sp12:0.18668,((sp13:0.05423,sp14:0.07371):0.02957,sp1:0.25791):0.03673):0.05276,
(sp9:0.36834,(sp10:0.53382,((((sp3:0.49967,(sp2:0.98683,
sp6:0.39881):0.13933):0.03134,sp7:0.44313):0.03963,((sp4:0.30554,
sp5:0.24453):0.07841,sp16:0.41691):0.05360):0.09958,(sp11:0.61856,
sp15:0.29206):0.00217):0.02760):0.12110):0.02635,sp8:0.28872);
