((sp12:0.20054,(sp1:0.30849,(sp14:0.12607,sp13:0.07128):0.01575):0.07183):0.08558,
(sp9:0.35597,(sp10:0.66425,(sp11:0.58814,((((sp2:0.84082,
sp3:0.35709):0.07062,sp6:0.74558):0.03942,((sp5:0.26410,
sp4:0.38542):0.05043,sp7:0.50743):0.01996):0.04245,(sp16:0.47422,
sp15:0.30801):0.01678):0.05226):0.06537):0.03486):0.04009,sp8:0.24987);
