(((sp12:0.17629,(sp14:0.11478,sp13:0.06850):0.04639):0.03629,
sp1:0.30549):0.06303,(sp9:0.44109,(sp10:0.77435,(sp11:0.59292,
(sp7:0.59061,(sp16:0.54511,((((sp3:0.50881,sp2:0.93794):0.07362,
sp6:0.59829):0.04740,(sp5:0.30716,sp4:0.38617):0.06543):0.05102,
sp15:0.31031):0.01249):0.01828):0.03507):0.14887):0.07834):0.01648,sp8:0.32086);
