((sp9:0.37631,((((((((sp3:0.46853,sp2:0.94683):0.11316,(sp5:0.27659,
sp4:0.25467):0.05763):0.05820,sp16:0.46568):0.02554,sp6:0.64107):0.05501,
sp7:0.51972):0.04243,sp15:0.35490):0.05760,sp11:0.70188):0.15534,
sp10:0.77739):0.06066):0.03221,(sp12:0.23401,(sp1:0.37220,
(sp14:0.08704,sp13:0.07019):0.04598):0.05818):0.02327,sp8:0.25206);
