((sp9:0.41736,(sp12:0.17994,((sp13:0.04940,sp14:0.08566):0.02202,
sp1:0.30993):0.06976):0.05770):0.02137,(sp10:0.68308,(sp11:0.76944,
(sp15:0.30457,(sp16:0.51306,((((sp3:0.46835,sp2:0.92444):0.04174,
sp6:0.66692):0.07403,(sp4:0.35618,sp5:0.24408):0.03744):0.07667,
sp7:0.50599):0.02291):0.04938):0.05199):0.05802):0.09801,sp8:0.26065);
