((sp12:0.16605,((sp13:0.03421,sp14:0.06161):0.05636,sp1:0.23491):0.05709):0.03614,
(sp9:0.46969,(sp10:0.68904,(((((((sp3:0.45412,(sp4:0.25291,
sp5:0.21042):0.02324):0.05797,sp6:0.53596):0.05784,sp7:0.44583):0.01966,
sp16:0.46010):0.02138,sp15:0.30857):0.06125,sp11:0.74693):0.00415,
sp2:1.03903):0.08067):0.04173):0.04121,sp8:0.24816);
