(sp12:0.17429,((sp1:0.30214,(sp14:0.08823,sp13:0.03463):0.04606):0.03695,
(sp9:0.36612,(sp10:0.55054,(sp11:0.71993,(((((sp3:0.33091,
sp2:0.92248):0.07435,((sp5:0.17674,sp4:0.23266):0.01121,
sp6:0.64607):0.06056):0.05302,sp16:0.47285):0.05687,sp7:0.49877):0.01829,
sp15:0.30459):0.00524):0.10505):0.11521):0.02675):0.01931,sp8:0.20665);
