((sp12:0.19218,((sp13:0.03331,sp14:0.11345):0.04531,sp1:0.21919):0.07967):0.04061,
(sp9:0.46780,(sp10:0.59153,(sp11:0.65208,(((sp3:0.46071,
sp2:1.25389):0.08120,sp16:0.54623):0.03789,((((sp4:0.42301,
sp5:0.21165):0.02376,sp6:0.55091):0.02861,sp7:0.55779):0.04651,
sp15:0.34009):0.01999):0.04769):0.18634):0.08601):0.02274,sp8:0.23579);
