((sp9:0.38362,(sp12:0.14511,((sp13:0.05715,sp14:0.08666):0.03561,
sp1:0.26999):0.04206):0.08039):0.02695,(sp10:0.59395,(((((sp4:0.30950,
sp5:0.29027):0.01978,((sp2:0.95314,sp3:0.35828):0.08588,
sp6:0.62339):0.05057):0.07395,sp7:0.45648):0.02553,sp16:0.46606):0.04605,
(sp11:0.73867,sp15:0.27780):0.02596):0.09499):0.06420,sp8:0.23005);
