((sp9:0.46345,(sp12:0.19782,((sp13:0.06854,sp14:0.07860):0.03309,
sp1:0.33096):0.05923):0.04529):0.00459,(sp10:0.65409,(sp11:0.72615,
(sp15:0.33243,((((sp4:0.25266,sp5:0.26263):0.08885,((sp2:1.08235,
sp3:0.39472):0.09979,sp6:0.64971):0.03223):0.07069,sp16:0.48125):0.01869,
sp7:0.63004):0.03961):0.04005):0.10423):0.08333,sp8:0.28179);
