((sp9:0.46286,((sp12:0.13335,(sp14:0.06858,sp13:0.03329):0.06246):0.04370,
sp1:0.28890):0.03990):0.01650,(sp10:0.57194,(sp11:0.73701,
(sp15:0.28508,(sp7:0.50833,((((sp2:0.93933,sp6:0.71306):0.03391,
sp3:0.56063):0.02416,(sp5:0.23345,sp4:0.29650):0.06272):0.02187,
sp16:0.53118):0.00293):0.06592):0.07585):0.12452):0.08191,sp8:0.24253);
