((sp12:0.15723,(sp1:0.26900,(sp14:0.11510,sp13:0.08183):0.02014):0.05161):0.01579,
((sp9:0.45252,sp10:0.65079):0.01288,(sp11:0.65871,(((((sp3:0.44775,
sp2:0.85813):0.08597,(sp5:0.22528,sp4:0.33526):0.01991):0.06175,
sp6:0.64284):0.03873,(sp16:0.40325,sp7:0.52097):0.03050):0.06690,
sp15:0.32413):0.00086):0.15736):0.07512,sp8:0.28474);
