(sp9:0.51028,((sp12:0.21026,((sp13:0.07342,sp14:0.10230):0.03600,
sp1:0.23483):0.05948):0.04717,(sp10:0.65198,((sp11:0.74600,
sp15:0.26042):0.02799,((sp16:0.46275,sp7:0.55360):0.04867,
((sp2:1.06885,sp6:0.64322):0.03069,(sp3:0.47760,(sp4:0.29590,
sp5:0.28051):0.02565):0.08690):0.06290):0.10348):0.15626):0.06065):0.01827,sp8:0.21451);
