((sp12:0.19609,(sp1:0.36421,(sp14:0.08937,sp13:0.07052):0.03999):0.04854):0.05356,
(sp9:0.46815,(sp10:0.64301,((sp11:0.74442,((((sp2:1.02320,
sp3:0.53510):0.04515,sp16:0.55602):0.04373,(sp5:0.27133,
sp4:0.33659):0.07042):0.07248,(sp6:0.68534,sp7:0.50166):0.04689):0.06796):0.00696,
sp15:0.35233):0.10907):0.12202):0.04386,sp8:0.37679);
