((sp9:0.44156,(sp12:0.16823,((sp13:0.03475,sp14:0.10524):0.04755,
sp1:0.26109):0.02461):0.05410):0.03419,(sp10:0.59100,((sp11:0.71898,
sp15:0.22920):0.04239,(sp7:0.56200,(sp16:0.52907,((sp4:0.29388,
sp5:0.27406):0.06421,(sp3:0.40027,(sp2:0.94077,sp6:0.70672):0.01161):0.02613):0.06879):0.05804):0.02238):0.13676):0.03832,sp8:0.17706);
