(sp9:0.41997,((sp12:0.12214,((sp13:0.03552,sp14:0.09011):0.03859,
sp1:0.25243):0.01925):0.04978,(sp10:0.51656,((((((sp3:0.45805,
sp6:0.70932):0.01744,(sp4:0.33627,sp5:0.25665):0.04624):0.07099,
sp2:0.96841):0.11991,(sp7:0.39888,sp15:0.29719):0.01759):0.02327,
sp16:0.51730):0.01596,sp11:0.64148):0.12564):0.08043):0.01234,sp8:0.26602);
