((sp12:0.17190,((sp13:0.04483,sp14:0.05724):0.03215,sp1:0.24550):0.07203):0.03417,
(sp9:0.51286,(sp10:0.68074,(sp11:0.63651,(((((sp4:0.28770,
sp5:0.29071):0.06186,(sp2:0.89192,sp3:0.40475):0.05672):0.01857,
sp6:0.77667):0.07678,(sp16:0.48506,sp7:0.56334):0.03165):0.05688,
sp15:0.29889):0.02293):0.05065):0.07241):0.03450,sp8:0.24695);
