(((sp11:0.69261,(((((sp4:0.31581,sp5:0.27584):0.03501,sp3:0.56475):0.03221,
(sp2:0.96774,sp6:0.59695):0.10836):0.09796,(sp16:0.46664,
sp7:0.58140):0.06226):0.06252,sp15:0.28041):0.04760):0.07369,
sp10:0.56550):0.08927,(sp9:0.44565,(sp12:0.18100,((sp13:0.07339,
sp14:0.08202):0.01500,sp1:0.39212):0.03836):0.03417):0.02870,sp8:0.21948);
