(((sp12:0.20205,(sp14:0.10548,sp13:0.04846):0.05585):0.03224,
sp1:0.28426):0.05860,(sp9:0.42969,(sp10:0.59186,((sp11:0.70864,
sp15:0.36205):0.04420,((sp16:0.58796,sp7:0.62961):0.05901,
(((sp3:0.42326,sp2:1.04217):0.05405,(sp5:0.36306,sp4:0.39127):0.03584):0.04644,
sp6:0.60138):0.00767):0.07475):0.13588):0.07319):0.03197,sp8:0.25963);
