((sp9:0.47930,(((((((sp3:0.46828,(sp4:0.27145,sp5:0.14827):0.03104):0.08700,
sp6:0.63595):0.05740,sp2:0.92935):0.08188,(sp16:0.50811,
sp7:0.50295):0.04723):0.04455,sp15:0.30821):0.01561,sp11:0.75958):0.06570,
sp10:0.58711):0.07110):0.02362,(sp12:0.24250,((sp13:0.05341,
sp14:0.08683):0.05554,sp1:0.26317):0.05379):0.02488,sp8:0.29147);
