(((sp12:0.16848,(sp13:0.10184,sp14:0.09724):0.03054):0.03066,
sp1:0.27059):0.05032,(sp9:0.46758,(sp10:0.71906,(sp15:0.28877,
(sp11:0.79639,(((((sp3:0.46558,(sp4:0.36783,sp5:0.25321):0.02130):0.05803,
sp6:0.59257):0.05313,sp16:0.56223):0.03289,sp2:1.07325):0.03105,
sp7:0.63252):0.04042):0.02597):0.12721):0.03261):0.06261,sp8:0.30630);
