(((sp12:0.23438,(sp13:0.06260,sp14:0.10183):0.03362):0.01601,
sp1:0.27673):0.04378,(sp9:0.45330,(sp10:0.56199,((sp11:0.69189,
sp15:0.27480):0.02277,(((((sp3:0.39735,sp2:1.11356):0.10078,
(sp4:0.31794,sp5:0.38043):0.04023):0.02980,sp16:0.50292):0.02791,
sp6:0.63052):0.00018,sp7:0.47310):0.08646):0.17078):0.07750):0.04006,sp8:0.28997);
