((sp9:0.37644,(sp12:0.16044,((sp13:0.06003,sp14:0.10771):0.00848,
sp1:0.19551):0.07764):0.05816):0.01595,(sp10:0.48838,(sp11:0.70584,
(sp15:0.34695,(((sp4:0.32238,sp5:0.22974):0.03997,((sp2:0.90236,
sp6:0.64415):0.03319,sp3:0.49503):0.05509):0.10594,(sp16:0.52257,
sp7:0.47809):0.01842):0.02659):0.06298):0.14756):0.04054,sp8:0.26337);
