(((sp12:0.18632,(sp14:0.06973,sp13:0.06275):0.04535):0.04656,
sp1:0.33186):0.04342,(sp9:0.41156,(sp10:0.61789,(sp11:0.75975,
(sp15:0.29288,(sp7:0.48395,((((sp3:0.41060,sp2:1.05333):0.04940,
sp6:0.69611):0.02038,(sp5:0.25571,sp4:0.37551):0.04924):0.05146,
sp16:0.52939):0.01142):0.03675):0.06223):0.09814):0.09204):0.07146,sp8:0.25810);
