(((sp12:0.16441,(sp13:0.07199,sp14:0.11826):0.05276):0.04197,
sp1:0.31761):0.05522,(sp9:0.45522,(sp11:0.69556,((sp2:1.14400,
sp10:0.59197):0.11413,((((sp3:0.56604,(sp4:0.29217,sp5:0.22058):0.03889):0.07256,
sp6:0.58255):0.06704,(sp16:0.52033,sp7:0.66419):0.00835):0.00619,
sp15:0.32834):0.04204):0.01372):0.14202):0.02824,sp8:0.24890);
