((sp12:0.18030,(sp1:0.23049,(sp14:0.14194,sp13:0.06227):0.02492):0.05924):0.04886,
(sp9:0.37114,(sp10:0.57587,((((((sp3:0.43055,(sp5:0.20587,
sp4:0.32194):0.05484):0.06409,(sp2:0.99362,sp6:0.61042):0.03787):0.05200,
sp16:0.54315):0.04358,sp7:0.51064):0.05013,sp11:0.58250):0.00787,
sp15:0.39201):0.09993):0.04621):0.02137,sp8:0.25536);
