((sp9:0.46324,(sp12:0.16122,((sp13:0.03860,sp14:0.09452):0.07361,
sp1:0.23133):0.03843):0.05739):0.02630,(sp10:0.63540,(sp11:0.73337,
(sp15:0.40031,((((sp4:0.27962,sp5:0.23040):0.04728,(sp2:1.05954,
sp3:0.51426):0.10328):0.05694,sp7:0.51650):0.00720,(sp16:0.50747,
sp6:0.67763):0.08400):0.03100):0.08144):0.13496):0.07025,sp8:0.25226);
