(sp9:0.47202,(((sp11:0.63448,((((sp2:0.95518,sp7:0.53785):0.16910,
sp16:0.44671):0.01489,((sp3:0.50309,(sp5:0.29006,sp4:0.31193):0.04010):0.06602,
sp6:0.68195):0.05662):0.08726,sp15:0.29301):0.01927):0.15907,
sp10:0.58745):0.09483,(sp12:0.17860,(sp1:0.27833,(sp14:0.11542,
sp13:0.04756):0.00534):0.08525):0.06305):0.03095,sp8:0.21037);
