((sp9:0.36923,(sp12:0.12458,(sp13:0.06485,(sp14:0.06831,
sp1:0.21661):0.01741):0.01541):0.07484):0.01620,(sp10:0.66511,
(((((sp3:0.40829,sp2:0.95734):0.08149,(sp4:0.25180,sp5:0.26697):0.02586):0.03712,
sp6:0.72766):0.08111,sp11:0.61800):0.03355,((sp16:0.41213,
sp7:0.50199):0.05345,sp15:0.31207):0.03240):0.01809):0.13003,sp8:0.20452);
