((sp9:0.41990,(sp12:0.19983,((sp13:0.07514,sp14:0.12601):0.06811,
sp1:0.35862):0.02506):0.05733):0.01137,(sp10:0.64721,(((sp11:0.85103,
sp16:0.53699):0.03364,(sp6:0.65462,sp7:0.72594):0.04647):0.02760,
(((sp3:0.48157,sp2:1.06268):0.08130,(sp4:0.39195,sp5:0.23077):0.08558):0.03993,
sp15:0.31924):0.01864):0.11367):0.08235,sp8:0.36827);
