((((((((sp3:0.52183,(sp5:0.27184,sp4:0.26161):0.07195):0.04599,
sp2:1.12592):0.01577,sp6:0.58846):0.10424,sp16:0.49642):0.03733,
sp7:0.42762):0.11311,(sp11:0.71143,sp15:0.30205):0.02002):0.08075,
sp10:0.60441):0.11762,(sp9:0.42496,(sp12:0.16737,(sp1:0.27607,
(sp14:0.10579,sp13:0.06124):0.00777):0.03548):0.05178):0.01643,sp8:0.20286);
