((sp9:0.43161,((sp12:0.16779,(sp14:0.05536,sp13:0.05896):0.07177):0.02757,
sp1:0.32389):0.07040):0.04550,(sp10:0.68614,(sp11:0.66054,
(sp15:0.26465,((((sp2:1.22678,sp3:0.47655):0.10649,(sp5:0.31220,
sp4:0.33661):0.07587):0.05794,sp16:0.47459):0.01877,(sp6:0.73016,
sp7:0.59990):0.00225):0.03388):0.03354):0.11649):0.05541,sp8:0.31382);
