((sp9:0.46675,((sp12:0.18903,(sp14:0.13572,sp13:0.08225):0.06635):0.02837,
sp1:0.31398):0.11347):0.03834,(sp10:0.66594,(sp15:0.37332,
((sp11:0.72852,sp7:0.58207):0.04592,(sp16:0.60731,(((sp3:0.46765,
sp2:1.15758):0.08124,(sp5:0.32174,sp4:0.32506):0.05766):0.01153,
sp6:0.67204):0.03708):0.03671):0.03595):0.10142):0.06197,sp8:0.30953);
