((sp9:0.35188,(sp12:0.17556,(sp13:0.05519,(sp14:0.13363,
sp1:0.26726):0.02084):0.10148):0.08816):0.03559,(sp10:0.65853,
(sp11:0.68770,(sp15:0.29881,(sp7:0.60632,(sp16:0.45241,((sp2:1.12021,
sp3:0.47683):0.12878,((sp4:0.32381,sp5:0.19280):0.02598,
sp6:0.70222):0.01096):0.07704):0.03010):0.03702):0.05627):0.07580):0.04918,sp8:0.32338);
