((sp12:0.14577,(sp1:0.18710,(sp14:0.06558,sp13:0.06627):0.03798):0.04780):0.06723,
(sp9:0.36517,(sp10:0.51396,(((((sp3:0.45015,(sp5:0.32317,
sp4:0.43424):0.04390):0.05827,(sp2:0.96436,sp6:0.68786):0.05791):0.06666,
sp16:0.49234):0.03692,sp11:0.72864):0.02256,(sp7:0.51744,
sp15:0.36015):0.02656):0.12629):0.09467):0.02729,sp8:0.17539);
