(sp12:0.16598,((sp9:0.38704,(((sp11:0.72509,(((((sp4:0.32134,
sp5:0.18700):0.05124,sp3:0.47210):0.04166,sp6:0.72841):0.04358,
sp2:1.06362):0.10318,(sp16:0.38663,sp7:0.52645):0.04111):0.07851):0.04243,
sp15:0.32291):0.10495,sp10:0.57009):0.08358):0.02309,((sp13:0.04102,
sp14:0.16270):0.04026,sp1:0.32747):0.02985):0.02322,sp8:0.23822);
