(sp9:0.49308,((sp12:0.19343,((sp13:0.06816,sp14:0.09775):0.05125,
sp1:0.29376):0.04062):0.07434,(sp10:0.67567,(sp11:0.69731,
(sp6:0.71790,((((sp3:0.36353,sp2:1.14824):0.09063,sp7:0.59855):0.04690,
sp16:0.53504):0.03691,((sp4:0.36197,sp5:0.23122):0.08461,
sp15:0.35988):0.00823):0.02163):0.04459):0.11023):0.07910):0.00631,sp8:0.33456);
