((sp9:0.51118,(sp12:0.16275,((sp13:0.07376,sp14:0.12119):0.02833,
sp1:0.28527):0.02254):0.11943):0.06772,(sp10:0.60494,(sp11:0.69462,
(sp15:0.30549,((((sp3:0.52109,(sp4:0.28541,sp5:0.23398):0.07074):0.04954,
sp2:1.12001):0.01140,sp7:0.58523):0.03256,(sp16:0.48283,
sp6:0.71904):0.01271):0.08381):0.02085):0.07710):0.05170,sp8:0.27798);
