(sp9:0.41108,((sp12:0.21533,((sp13:0.07118,sp14:0.07208):0.03027,
sp1:0.27993):0.09564):0.04080,(sp10:0.61390,(sp15:0.31715,
(sp11:0.66237,(sp7:0.55399,(sp16:0.42781,(((sp3:0.41311,
sp2:1.08006):0.02578,(sp4:0.34488,sp5:0.25900):0.08700):0.01379,
sp6:0.64246):0.04075):0.03844):0.07635):0.00965):0.12444):0.09028):0.03773,sp8:0.24461);
