((sp12:0.16285,(sp1:0.25057,(sp14:0.07524,sp13:0.07471):0.05604):0.05636):0.07420,
(sp9:0.40333,(sp10:0.62150,(sp7:0.58434,(((((sp3:0.40983,
sp2:0.99429):0.07975,(sp5:0.21268,sp4:0.28815):0.11044):0.04485,
sp16:0.51127):0.01889,(sp11:0.72532,sp6:0.74851):0.03566):0.01427,
sp15:0.32882):0.03189):0.16264):0.04840):0.01311,sp8:0.31121);
