((sp12:0.16559,(sp1:0.28566,(sp14:0.08542,sp13:0.06380):0.01451):0.06455):0.07792,
(sp9:0.40773,(sp10:0.60109,(sp11:0.67938,(((sp16:0.57202,
sp7:0.62532):0.04902,sp15:0.29008):0.00704,(((sp3:0.40150,
sp2:0.85983):0.12911,(sp5:0.24543,sp4:0.38675):0.04905):0.00641,
sp6:0.64744):0.07619):0.03597):0.08084):0.09338):0.02293,sp8:0.30380);
