((sp9:0.36357,(sp12:0.16202,((sp13:0.07936,sp14:0.09095):0.04947,
sp1:0.24994):0.04651):0.06466):0.03563,(sp10:0.63452,(sp11:0.70692,
(sp15:0.25657,((((sp3:0.42735,sp2:0.91056):0.07233,((sp4:0.30837,
sp5:0.23478):0.05505,sp6:0.66576):0.03059):0.08864,sp16:0.39314):0.01394,
sp7:0.51711):0.04651):0.01556):0.06597):0.08526,sp8:0.26438);
