((sp9:0.41126,((sp12:0.20476,(sp14:0.09390,sp13:0.09051):0.06169):0.03356,
sp1:0.28411):0.04225):0.01839,(sp10:0.61118,(sp11:0.70422,
(sp15:0.31560,(((((sp3:0.52752,sp2:1.19159):0.04954,(sp5:0.23912,
sp4:0.30040):0.07137):0.01727,sp6:0.67687):0.02088,sp16:0.47901):0.01501,
sp7:0.58480):0.03426):0.04999):0.11572):0.02325,sp8:0.26361);
