(sp9:0.49785,(sp12:0.15570,((sp13:0.09178,(sp14:0.08717,
sp1:0.21522):0.01627):0.08565,((((((sp3:0.36902,(sp4:0.35607,
sp5:0.24981):0.03641):0.08898,sp6:0.60765):0.04347,(sp2:1.09717,
sp11:0.62643):0.07983):0.04596,(sp16:0.53098,sp7:0.50672):0.04381):0.03753,
sp15:0.31131):0.02701,sp10:0.75767):0.16072):0.02355):0.02613,sp8:0.26710);
