(((sp9:0.33264,sp12:0.18318):0.02296,(sp1:0.32620,(sp14:0.13741,
sp13:0.05135):0.08131):0.05325):0.01341,(sp10:0.64362,(sp11:0.67904,
((((((sp3:0.45086,sp2:0.98443):0.09504,(sp5:0.25497,sp4:0.31462):0.05511):0.02090,
sp6:0.64894):0.04297,sp16:0.40459):0.02975,sp7:0.57427):0.01375,
sp15:0.31049):0.03052):0.12321):0.12912,sp8:0.24962);
