((sp12:0.21496,(sp1:0.35126,(sp14:0.12082,sp13:0.08259):0.03141):0.04833):0.02507,
(sp9:0.39194,(sp10:0.58061,(((((((sp3:0.42192,sp2:1.07758):0.03249,
sp6:0.82192):0.03788,(sp5:0.27412,sp4:0.35433):0.05185):0.04379,
sp16:0.45655):0.03121,sp7:0.47048):0.06333,sp11:0.62901):0.00743,
sp15:0.30343):0.05885):0.13357):0.01093,sp8:0.27417);
