(sp9:0.34845,((sp12:0.19639,((sp13:0.06288,sp14:0.09755):0.02129,
sp1:0.30311):0.04862):0.01390,(sp10:0.65687,(sp11:0.62461,
(sp15:0.32462,(((sp3:0.44172,sp2:0.83542):0.15443,(sp6:0.54732,
sp7:0.50984):0.04719):0.00985,((sp4:0.25993,sp5:0.24997):0.06396,
sp16:0.47046):0.04595):0.01481):0.07439):0.05126):0.08737):0.05564,sp8:0.23226);
