(((sp9:0.34511,sp12:0.20289):0.01309,((sp13:0.04168,sp14:0.07934):0.04511,
sp1:0.31140):0.05595):0.02796,(sp10:0.53844,(sp15:0.26042,
(sp11:0.75077,(((sp3:0.46204,sp2:1.09272):0.08065,((sp4:0.34693,
sp5:0.20190):0.03552,sp16:0.45726):0.01440):0.04137,(sp6:0.58482,
sp7:0.55166):0.00939):0.02930):0.02358):0.10004):0.08992,sp8:0.24031);
