((((((((sp3:0.40103,sp2:1.10243):0.08222,(sp4:0.28900,sp5:0.27253):0.04792):0.08261,
sp6:0.72530):0.03509,(sp16:0.50528,sp7:0.50362):0.04194):0.04210,
sp15:0.32677):0.02857,sp11:0.67927):0.12753,sp10:0.56124):0.07472,
((sp9:0.41419,sp12:0.17406):0.02464,((sp13:0.05364,sp14:0.09699):0.02653,
sp1:0.26179):0.04092):0.01757,sp8:0.25732);
