((sp9:0.50791,(((sp11:0.69425,sp15:0.29181):0.04016,(((((sp4:0.30764,
sp5:0.26573):0.05627,(sp3:0.40425,sp6:0.68359):0.01390):0.07636,
sp16:0.51995):0.05726,sp2:0.96900):0.04312,sp7:0.60028):0.04357):0.15338,
sp10:0.57597):0.02947):0.02866,(sp12:0.21851,((sp13:0.05990,
sp14:0.09219):0.03148,sp1:0.25223):0.01818):0.03003,sp8:0.29689);
