((sp9:0.47080,(sp12:0.20278,((sp13:0.05105,sp14:0.11578):0.04296,
sp1:0.31243):0.06879):0.02324):0.02732,(sp10:0.77741,(sp11:0.78055,
(sp15:0.37665,((sp16:0.44454,sp7:0.59459):0.05255,((((sp4:0.27579,
sp5:0.23291):0.03214,sp3:0.48399):0.04030,sp2:0.94589):0.00101,
sp6:0.62915):0.12822):0.08855):0.01857):0.14018):0.07670,sp8:0.31704);
