(sp9:0.40766,((sp12:0.23196,((sp13:0.04757,sp14:0.08913):0.03736,
sp1:0.26584):0.08174):0.09902,(sp10:0.59442,(sp15:0.31320,
(((((sp3:0.53436,sp5:0.27358):0.03012,sp4:0.33731):0.02340,
sp16:0.55565):0.05031,((sp2:1.09960,sp11:0.65819):0.07490,
sp6:0.65729):0.04815):0.00766,sp7:0.61808):0.08338):0.11320):0.04239):0.01485,sp8:0.29596);
