(sp10:0.66959,((sp9:0.41017,(sp12:0.16873,((sp13:0.07615,
sp14:0.07031):0.02384,sp1:0.24780):0.09186):0.06944):0.02742,
(sp11:0.76715,(sp15:0.26171,(sp7:0.53548,(sp16:0.63260,(((sp3:0.48557,
sp2:1.07846):0.03194,(sp4:0.28295,sp5:0.21707):0.04807):0.06791,
sp6:0.68478):0.02922):0.03303):0.07299):0.02015):0.09013):0.01263,sp8:0.24569);
