((sp9:0.47082,((sp12:0.16963,(sp14:0.07428,sp13:0.06241):0.06406):0.03217,
sp1:0.32186):0.05619):0.00942,(sp10:0.62511,(sp11:0.72012,
(sp15:0.29648,(((sp3:0.42824,sp2:0.81014):0.14869,((sp5:0.23232,
sp4:0.27366):0.02892,sp6:0.73300):0.05065):0.03451,(sp16:0.44556,
sp7:0.52335):0.04247):0.01512):0.07532):0.10071):0.05431,sp8:0.29515);
