(((sp12:0.17290,(sp14:0.11211,sp13:0.05161):0.03321):0.01704,
sp1:0.31757):0.05195,(sp9:0.49430,(sp10:0.49584,(sp11:0.56789,
(((((sp3:0.39784,sp2:0.72582):0.10843,((sp5:0.19608,sp4:0.26706):0.03810,
sp6:0.58328):0.01570):0.03632,sp7:0.51036):0.04146,sp16:0.52524):0.01147,
sp15:0.31220):0.04632):0.13752):0.03292):0.02902,sp8:0.26800);
