((sp9:0.44649,(sp12:0.20245,((sp13:0.06587,sp14:0.08958):0.01749,
sp1:0.22772):0.03822):0.05115):0.00855,(sp10:0.47605,(sp15:0.24203,
(sp11:0.60520,((sp3:0.34127,sp2:0.98373):0.14204,((((sp4:0.29846,
sp5:0.22480):0.03747,sp6:0.59532):0.02411,sp16:0.52792):0.01645,
sp7:0.56971):0.00938):0.04794):0.02681):0.11468):0.07788,sp8:0.25579);
