((sp12:0.18505,((sp13:0.06497,sp14:0.10863):0.01892,sp1:0.22798):0.06624):0.05501,
(sp10:0.66140,(sp9:0.54082,(sp11:0.72104,((((sp3:0.41767,
sp2:1.03860):0.05171,((sp4:0.33987,sp5:0.25476):0.08249,
sp6:0.70855):0.02911):0.02789,(sp16:0.48320,sp7:0.58483):0.02910):0.04825,
sp15:0.32006):0.00509):0.08728):0.02211):0.01984,sp8:0.25921);
