((sp12:0.18885,(sp13:0.06903,sp14:0.11247):0.05313):0.03590,
(sp9:0.42871,(sp1:0.35989,(sp10:0.56635,(sp15:0.41964,((sp11:0.81072,
sp7:0.50677):0.03113,((((sp4:0.30202,sp5:0.24473):0.05252,
sp3:0.51188):0.03916,(sp2:1.36207,sp16:0.41862):0.09827):0.00774,
sp6:0.71289):0.07399):0.03824):0.14539):0.07698):0.03086):0.02672,sp8:0.19149);
