(sp9:0.36308,((sp12:0.18253,((sp13:0.04302,sp14:0.08588):0.05647,
sp1:0.22334):0.05930):0.04305,(sp10:0.60087,((sp11:0.62087,
sp15:0.37305):0.03315,((((sp4:0.36675,sp5:0.24227):0.04405,
sp3:0.50353):0.04906,(sp2:0.98883,sp6:0.54753):0.06812):0.09615,
(sp16:0.53608,sp7:0.52842):0.00729):0.08770):0.17111):0.05788):0.03157,sp8:0.28923);
