(sp11:0.71546,((sp10:0.88482,(sp9:0.60737,(sp8:0.33143,(((sp1:0.35568,
sp13:0.09346):0.01677,sp14:0.14090):0.05668,sp12:0.26221):0.08561):0.03472):0.12248):0.06061,
(((sp6:0.73380,(sp5:0.31456,sp4:0.41891):0.03671):0.01681,
sp3:0.62986):0.06100,((sp7:0.63127,sp15:0.38686):0.01546,
sp16:0.62403):0.01380):0.08783):0.03701,sp2:1.09100);
