(sp3:0.48827,((((sp10:0.83294,(sp9:0.63144,(((sp1:0.36652,
(sp14:0.10389,sp13:0.08047):0.09414):0.05056,sp12:0.22315):0.09547,
sp8:0.28897):0.02028):0.11504):0.21895,(sp11:0.88698,sp15:0.33041):0.01662):0.07267,
sp7:0.74236):0.01099,((sp6:0.74397,(sp4:0.42390,sp5:0.31149):0.07449):0.02474,
sp16:0.62813):0.01437):0.17322,sp2:1.18853);
