(sp6:0.75471,(sp3:0.65774,((((sp11:0.86582,(sp10:0.72031,
(sp9:0.43027,(sp8:0.38698,(sp12:0.28573,(sp1:0.25878,(sp14:0.12642,
sp13:0.06986):0.06378):0.05191):0.07359):0.04181):0.10726):0.08430):0.04212,
sp15:0.49781):0.06379,(sp7:0.66103,(sp4:0.39765,sp5:0.29766):0.08239):0.01709):0.01653,
sp16:0.60120):0.02329):0.04504,sp2:0.97663);
