(sp3:0.61273,((((sp7:0.77834,((sp11:0.78787,sp15:0.36238):0.03753,
(sp10:0.66234,(sp9:0.58156,((sp1:0.43654,(sp12:0.20454,(sp13:0.05969,
sp14:0.13556):0.06534):0.03593):0.08443,sp8:0.31548):0.04632):0.07427):0.15747):0.04280):0.02901,
sp16:0.69064):0.04566,sp6:0.71401):0.02913,(sp5:0.35434,
sp4:0.42342):0.03016):0.11378,sp2:1.21943);
