(sp3:0.54880,((sp4:0.41851,sp5:0.34835):0.03526,((((sp11:0.84913,
sp15:0.34354):0.05636,(sp10:0.82307,(sp9:0.51386,(sp8:0.34496,
((sp1:0.34978,(sp14:0.09925,sp13:0.07010):0.06555):0.03905,
sp12:0.28201):0.04891):0.04855):0.07284):0.17700):0.07225,
sp16:0.59260):0.06561,(sp7:0.64285,sp6:0.71064):0.02376):0.08930):0.11026,sp2:1.07409);
