(sp3:0.47764,((sp4:0.47629,sp5:0.32947):0.08645,((((sp11:0.95193,
(sp10:0.70522,(sp9:0.50824,(sp8:0.35796,((sp1:0.29167,(sp13:0.07152,
sp14:0.12700):0.06852):0.08152,sp12:0.24007):0.03914):0.04649):0.07517):0.07859):0.02814,
sp15:0.44584):0.09045,sp16:0.64057):0.06142,(sp7:0.71741,
sp6:0.74780):0.03583):0.04881):0.12574,sp2:1.11458);
