((((sp11:0.91881,(sp10:0.58704,(sp9:0.59993,(sp8:0.28993,
((sp1:0.34244,(sp13:0.06500,sp14:0.12285):0.04482):0.08639,
sp12:0.26576):0.11036):0.07243):0.07902):0.10244):0.06248,
sp15:0.36675):0.01924,sp7:0.67622):0.04755,((sp6:0.80277,
sp3:0.49298):0.03753,(sp16:0.67110,(sp4:0.33543,sp5:0.35187):0.04497):0.02347):0.04031,sp2:1.11525);
