((((sp11:0.91964,sp15:0.46135):0.06202,(sp10:0.78499,(sp9:0.58987,
(sp8:0.29629,((sp1:0.29797,(sp13:0.08964,sp14:0.12950):0.05238):0.07733,
sp12:0.24167):0.07617):0.02041):0.09880):0.16971):0.06493,
sp7:0.59581):0.06053,((sp6:0.82752,(sp3:0.59418,(sp4:0.48516,
sp5:0.25185):0.08886):0.08652):0.06397,sp16:0.56017):0.03705,sp2:1.38939);
