(sp3:0.61474,(sp4:0.44647,((((((sp11:0.83615,(sp10:0.60212,
(sp9:0.55243,(sp8:0.37169,(sp1:0.37523,(sp12:0.25554,(sp14:0.17674,
sp13:0.06702):0.06475):0.02790):0.08231):0.03358):0.10466):0.11713):0.08767,
sp7:0.74854):0.01911,sp15:0.39610):0.04218,sp16:0.57184):0.04333,
sp6:0.91055):0.02266,sp5:0.31062):0.04978):0.02088,sp2:1.30569);
