(sp6:0.58844,((((((sp11:0.80296,sp10:0.72703):0.00162,(sp15:0.43332,
(sp9:0.45134,(sp8:0.37446,(sp1:0.33949,(sp12:0.23347,(sp14:0.10575,
sp13:0.09367):0.03217):0.02253):0.09337):0.03107):0.19778):0.03435):0.09030,
sp16:0.61016):0.04262,(sp5:0.30256,sp4:0.44931):0.10017):0.03712,
sp3:0.66355):0.03398,sp7:0.61651):0.15429,sp2:1.04920);
