(sp16:0.61923,((((sp11:0.76115,sp15:0.41817):0.01933,(sp10:0.77150,
(sp9:0.44994,(sp8:0.31064,((sp1:0.37722,(sp14:0.08763,sp13:0.08052):0.09736):0.06003,
sp12:0.27805):0.02718):0.05690):0.02892):0.19485):0.05340,
sp7:0.64706):0.04159,((sp6:0.76801,(sp4:0.44396,sp5:0.29097):0.10111):0.03508,
sp3:0.63361):0.02810):0.15333,sp2:1.02325);
