(sp3:0.56528,(sp6:0.84455,((((((sp11:0.92603,(sp10:0.83333,
((sp9:0.45902,sp8:0.32435):0.00337,((sp1:0.38492,(sp13:0.06770,
sp14:0.10781):0.04531):0.06867,sp12:0.21641):0.08124):0.06265):0.11496):0.07546,
sp15:0.36750):0.02817,sp7:0.63781):0.04850,sp16:0.63514):0.08951,
sp5:0.38754):0.00484,sp4:0.46952):0.10446):0.05683,sp2:1.11332);
