(((((sp11:0.82864,(sp10:0.59216,((sp9:0.54898,(sp8:0.27590,
sp12:0.18130):0.01002):0.03748,(sp1:0.32430,(sp14:0.12175,
sp13:0.06740):0.05810):0.08080):0.14338):0.11211):0.02435,
sp15:0.39624):0.09199,(sp7:0.76470,sp16:0.61183):0.03164):0.03038,
sp6:0.76324):0.08507,(sp3:0.54849,(sp4:0.43173,sp5:0.23813):0.05977):0.01729,sp2:1.09561);
