(sp3:0.48353,((((sp11:0.91137,((sp7:0.63414,(sp10:0.65691,
(sp9:0.43827,((sp1:0.38109,(sp12:0.22048,(sp13:0.05629,sp14:0.13238):0.05363):0.02706):0.05198,
sp8:0.30579):0.02251):0.13745):0.10228):0.05763,sp15:0.40086):0.02226):0.07505,
sp16:0.62807):0.06141,sp6:0.74424):0.02941,(sp4:0.34321,
sp5:0.27400):0.01970):0.13171,sp2:1.17919);
