(sp3:0.53395,(sp4:0.38202,(sp5:0.28438,(sp6:0.76134,(((((sp11:0.77680,
sp10:0.63845):0.04163,(sp9:0.56789,(((sp1:0.39229,(sp13:0.07702,
sp14:0.10388):0.06969):0.04946,sp12:0.19222):0.05292,sp8:0.29793):0.02321):0.18864):0.09413,
sp15:0.35299):0.08998,sp16:0.62805):0.03731,sp7:0.78415):0.00796):0.04785):0.02948):0.13671,sp2:1.22760);
