(sp3:0.55522,(((((((sp11:0.76407,sp10:0.77273):0.06467,(sp9:0.50322,
(sp8:0.33963,((sp1:0.39276,(sp13:0.08219,sp14:0.08997):0.04042):0.11531,
sp12:0.20170):0.10350):0.06536):0.13505):0.03784,sp15:0.38147):0.04801,
sp7:0.72902):0.04721,sp16:0.69090):0.06552,(sp4:0.40751,
sp5:0.27629):0.10109):0.00456,sp6:0.81413):0.10101,sp2:1.08368);
