(sp6:0.73319,(sp3:0.43526,((((((sp11:0.72922,(sp10:0.66824,
((sp9:0.59623,sp8:0.26309):0.02437,((sp1:0.34048,(sp13:0.07021,
sp14:0.12340):0.09344):0.05312,sp12:0.21709):0.04098):0.12296):0.12549):0.02683,
sp15:0.37669):0.04835,sp7:0.62683):0.04414,sp16:0.58608):0.09316,
sp4:0.41624):0.01031,sp5:0.35559):0.05076):0.06671,sp2:1.13186);
