(sp3:0.57594,((sp5:0.32135,sp4:0.42422):0.04519,(sp6:0.69221,
((sp7:0.67500,sp16:0.53665):0.05154,((sp11:0.81571,((sp10:0.76746,
sp9:0.54870):0.00877,(sp8:0.39044,((sp1:0.35408,(sp13:0.10135,
sp14:0.14075):0.04263):0.06679,sp12:0.21605):0.03626):0.06680):0.18154):0.01513,
sp15:0.43220):0.05013):0.04323):0.07166):0.05026,sp2:0.97400);
