(((sp6:0.82027,sp7:0.65643):0.03810,((sp11:0.74795,((sp10:0.73145,
(sp9:0.53727,(sp8:0.36132,((sp1:0.26945,(sp13:0.03578,sp14:0.07552):0.06540):0.04922,
sp12:0.19527):0.06816):0.07257):0.15956):0.07131,sp15:0.46370):0.02399):0.07105,
sp16:0.53584):0.05675):0.03424,(sp3:0.58311,(sp4:0.39480,
sp5:0.37816):0.03522):0.07281,sp2:1.10578);
