(((sp6:0.76172,sp16:0.68406):0.05499,(sp3:0.46303,(sp4:0.39114,
sp5:0.36746):0.05880):0.06029):0.03670,(((sp10:0.87025,(sp9:0.57847,
(sp8:0.36244,((sp1:0.27218,(sp13:0.06371,sp14:0.10403):0.06679):0.05457,
sp12:0.21605):0.04142):0.03180):0.13349):0.15408,(sp11:0.84958,
sp15:0.38307):0.03928):0.04710,sp7:0.63556):0.03241,sp2:1.29355);
