(sp3:0.66141,(sp4:0.37001,((((((sp11:0.90048,(sp10:0.79354,
(sp9:0.65778,(sp8:0.36194,((sp1:0.31543,(sp14:0.11600,sp13:0.07709):0.07090):0.08279,
sp12:0.24060):0.03371):0.04391):0.08186):0.06978):0.05273,
sp15:0.38011):0.03200,sp7:0.64326):0.07329,sp16:0.77453):0.06880,
sp5:0.37557):0.04551,sp6:0.71539):0.01062):0.08723,sp2:1.37174);
