(sp3:0.63716,(sp4:0.44844,(sp5:0.43036,(sp6:0.86626,((((sp11:0.73822,
sp15:0.38710):0.05024,(sp10:0.82203,(sp9:0.56609,(sp8:0.31040,
((sp1:0.33496,(sp13:0.06297,sp14:0.13531):0.07306):0.02969,
sp12:0.20638):0.06344):0.05457):0.10326):0.09822):0.11532,
sp7:0.60912):0.02885,sp16:0.68105):0.08191):0.07101):0.04043):0.12407,sp2:1.09378);
