(sp3:0.43527,(((((sp11:0.80807,sp15:0.38148):0.05170,(sp10:0.77426,
(sp9:0.60637,(sp8:0.38559,(sp1:0.38858,(sp12:0.26617,(sp14:0.12737,
sp13:0.06843):0.04964):0.05129):0.06602):0.03565):0.13977):0.13442):0.10951,
sp7:0.64442):0.00788,sp6:0.79921):0.06959,((sp16:0.62308,
sp5:0.46907):0.02498,sp4:0.45582):0.01102):0.12963,sp2:1.38051);
