((sp11:0.83286,((sp10:0.77913,((sp9:0.59685,((sp1:0.32954,
(sp14:0.11771,sp13:0.05866):0.10090):0.03945,sp12:0.23441):0.08394):0.05598,
sp8:0.35586):0.11089):0.10766,((sp16:0.63778,sp7:0.56637):0.02999,
sp15:0.48909):0.02970):0.02098):0.05334,(sp6:0.78673,((sp4:0.50707,
sp5:0.27523):0.06573,sp3:0.50518):0.06950):0.03059,sp2:1.08280);
