((((sp6:0.73209,sp3:0.52562):0.03265,(sp5:0.30713,sp4:0.42281):0.09668):0.04073,
sp16:0.70459):0.03779,((sp11:0.88913,sp7:0.83008):0.01289,
((sp10:0.74515,(sp9:0.56909,(sp8:0.26937,((sp1:0.33358,(sp14:0.10122,
sp13:0.07564):0.03440):0.04605,sp12:0.25104):0.06453):0.07153):0.12496):0.09788,
sp15:0.45468):0.02929):0.02155,sp2:1.09627);
