(sp7:0.70816,((((sp11:0.79855,(sp10:0.69961,((sp9:0.57677,
sp8:0.22755):0.05943,((sp1:0.26731,(sp13:0.07039,sp14:0.10335):0.07013):0.05724,
sp12:0.25403):0.03387):0.14525):0.15213):0.02912,sp15:0.34962):0.09402,
sp16:0.57235):0.03579,(sp6:0.83645,(sp3:0.60309,(sp5:0.34089,
sp4:0.40767):0.03819):0.04026):0.05102):0.10224,sp2:1.08116);
