(sp11:0.76218,(sp15:0.40645,((sp10:0.75651,(sp9:0.50999,
(sp8:0.37877,((sp1:0.42418,(sp13:0.08803,sp14:0.11736):0.05056):0.02456,
sp12:0.21204):0.06235):0.02302):0.11635):0.10552,((sp7:0.70200,
sp16:0.49688):0.02871,(sp6:0.71767,(sp3:0.61330,(sp5:0.33838,
sp4:0.35543):0.02725):0.07964):0.04603):0.08914):0.01822):0.10828,sp2:1.15476);
