(((((sp11:0.83436,(sp10:0.82562,(sp9:0.52965,(sp8:0.31521,
((sp1:0.36154,(sp13:0.13062,sp14:0.17908):0.03422):0.07533,
sp12:0.27595):0.05262):0.02751):0.11101):0.08921):0.07808,
sp15:0.40778):0.10833,((sp3:0.52304,sp4:0.42680):0.05231,
sp5:0.27703):0.07601):0.04712,(sp7:0.79618,sp16:0.48644):0.05350):0.03275,
sp6:0.89091,sp2:1.04658);
