((((((sp10:0.78501,((sp9:0.49276,((sp1:0.34828,(sp14:0.08323,
sp13:0.06423):0.05339):0.08826,sp12:0.18237):0.08972):0.02564,
sp8:0.30073):0.15662):0.02506,sp11:0.83644):0.04123,sp15:0.41519):0.05003,
sp7:0.65235):0.02323,sp16:0.53167):0.09560,((sp6:0.76459,
sp3:0.60527):0.04553,(sp4:0.39431,sp5:0.40352):0.03263):0.04072,sp2:1.24200);
