(sp3:0.37488,(sp6:0.75759,(((((sp11:0.69662,((sp10:0.71676,
sp8:0.40922):0.01523,(sp9:0.55231,((sp1:0.43361,(sp13:0.06855,
sp14:0.12811):0.11437):0.04928,sp12:0.23812):0.06859):0.04170):0.20930):0.02176,
sp15:0.51075):0.07765,sp7:0.75105):0.02491,sp16:0.62490):0.02006,
(sp4:0.45248,sp5:0.35507):0.02068):0.03311):0.06486,sp2:1.20833);
