(sp3:0.53044,((((sp11:0.86616,(sp10:0.87548,(sp9:0.56393,
(sp8:0.33787,((sp1:0.31837,(sp14:0.13121,sp13:0.08674):0.05395):0.05050,
sp12:0.20496):0.08794):0.03640):0.14717):0.05848):0.04128,
sp15:0.43313):0.05752,sp7:0.70756):0.03951,((sp6:0.78240,
sp16:0.69004):0.02965,(sp5:0.35220,sp4:0.35639):0.09565):0.01768):0.12283,sp2:1.24224);
