(sp3:0.59966,(sp6:0.89310,((((sp11:0.90068,((sp10:0.66674,
(sp9:0.62628,(sp8:0.34664,((sp1:0.42247,(sp13:0.06583,sp14:0.15073):0.06798):0.03194,
sp12:0.22842):0.12597):0.03075):0.16703):0.09312,sp15:0.42144):0.01942):0.05982,
sp16:0.64380):0.01506,sp7:0.71277):0.00678,(sp4:0.48449,
sp5:0.30020):0.10414):0.04039):0.05042,sp2:1.07824);
