(sp3:0.41936,(sp4:0.37493,((sp6:0.88612,(((sp11:0.96543,
(sp10:0.62319,(sp9:0.46530,(sp8:0.31298,((sp1:0.29755,(sp14:0.12374,
sp13:0.06997):0.04886):0.08777,sp12:0.22352):0.05359):0.01400):0.03106):0.13060):0.06264,
sp15:0.38546):0.04982,sp7:0.65561):0.05311):0.06678,(sp16:0.55839,
sp5:0.38429):0.03469):0.03852):0.12782,sp2:1.19009);
