(sp3:0.58113,((sp6:0.65121,sp5:0.30235):0.05204,((((sp11:0.82724,
(sp10:0.67827,(sp9:0.63172,(sp8:0.33934,((sp1:0.35946,(sp14:0.11715,
sp13:0.09092):0.03751):0.12230,sp12:0.22742):0.06815):0.07571):0.04962):0.10134):0.07851,
sp15:0.41886):0.07333,(sp7:0.61170,sp16:0.55374):0.08455):0.10373,
sp4:0.45981):0.03503):0.15744,sp2:1.19682);
