(sp7:0.64829,(((((sp10:0.73718,(sp9:0.47999,(((sp1:0.40712,
(sp13:0.07082,sp14:0.11222):0.05447):0.07390,sp12:0.25736):0.04783,
sp8:0.31164):0.03911):0.09988):0.10764,sp15:0.37279):0.04477,
sp11:0.72790):0.12641,(sp16:0.66525,((sp3:0.54348,sp5:0.37195):0.05776,
sp4:0.41956):0.04808):0.04173):0.02738,sp6:0.64817):0.04012,sp2:1.31981);
