(sp11:0.80419,(((sp10:0.75247,(sp9:0.50386,((sp8:0.37933,
sp12:0.21844):0.01361,(sp1:0.29472,(sp13:0.07248,sp14:0.15642):0.05218):0.08041):0.08810):0.11522):0.13626,
sp15:0.32254):0.05366,(sp7:0.55327,(sp6:0.82529,((sp16:0.64881,
sp4:0.40590):0.03578,(sp3:0.68428,sp5:0.28278):0.02420):0.02069):0.05532):0.03604):0.03446,sp2:1.09789);
