((((((sp11:1.04215,(sp10:0.60156,(sp9:0.46804,(sp8:0.31643,
((sp1:0.32038,(sp14:0.14271,sp13:0.10030):0.05374):0.04732,
sp12:0.20487):0.08040):0.03853):0.10444):0.10103):0.03430,
sp15:0.49910):0.05581,sp7:0.75050):0.08111,sp6:0.82814):0.03094,
sp16:0.78052):0.01987,(sp3:0.65748,(sp4:0.45544,sp5:0.36203):0.01670):0.04096,sp2:1.07448);
