(sp3:0.60885,((sp5:0.38353,sp4:0.49348):0.03653,(((sp11:0.96050,
sp7:0.68481):0.06578,(sp16:0.59427,((sp10:0.76373,(sp9:0.67988,
(sp8:0.35057,((sp1:0.28820,(sp14:0.15230,sp13:0.09692):0.03821):0.07620,
sp12:0.24363):0.02638):0.07510):0.07127):0.09545,sp15:0.47442):0.07804):0.02281):0.08323,
sp6:0.85568):0.02497):0.10490,sp2:1.22256);
