(sp3:0.57238,((sp4:0.39868,sp5:0.25942):0.07668,((sp6:0.81995,
sp16:0.57488):0.07719,(sp7:0.71689,(sp11:0.94842,((sp10:0.78336,
((sp9:0.52240,((sp1:0.34773,(sp13:0.07488,sp14:0.11443):0.07755):0.08528,
sp12:0.21580):0.10592):0.02490,sp8:0.33845):0.06947):0.16818,
sp15:0.31783):0.01134):0.04481):0.02696):0.04054):0.10947,sp2:1.07020);
