((sp3:0.50480,(sp4:0.41362,sp5:0.32237):0.09277):0.03391,
(sp16:0.63027,(((sp11:0.96025,(sp10:0.81897,((sp9:0.54879,
sp8:0.36498):0.01371,(sp1:0.31813,(sp12:0.17994,(sp14:0.11454,
sp13:0.06084):0.08853):0.04411):0.05680):0.11946):0.14283):0.02575,
sp15:0.42879):0.03840,(sp6:0.89988,sp7:0.66389):0.01463):0.04332):0.01700,sp2:1.21234);
