(sp3:0.53202,(sp6:0.71895,((((sp11:1.02212,((sp10:0.77465,
(sp9:0.47550,(sp8:0.26501,((sp1:0.41689,(sp13:0.06985,sp14:0.08943):0.03014):0.09605,
sp12:0.18813):0.05498):0.08617):0.08318):0.19043,sp15:0.36410):0.06570):0.04053,
sp7:0.67408):0.06610,sp16:0.62646):0.05602,(sp4:0.40977,
sp5:0.30931):0.09260):0.06396):0.09818,sp2:1.14082);
