(sp3:0.58943,((sp4:0.50796,sp5:0.33230):0.07041,((sp11:0.86764,
sp6:0.88915):0.05456,(((sp10:0.78929,(sp9:0.42774,(sp8:0.35915,
((sp1:0.24776,(sp13:0.09050,sp14:0.08594):0.07152):0.03816,
sp12:0.24358):0.10757):0.03742):0.11828):0.13032,(sp7:0.57674,
sp15:0.51926):0.05842):0.02612,sp16:0.64647):0.01834):0.05290):0.04524,sp2:1.06164);
