(sp3:0.58107,(sp7:0.78029,((((sp11:0.86857,sp15:0.49681):0.02006,
(sp10:0.85106,(sp9:0.57547,(sp8:0.32392,((sp1:0.33207,(sp14:0.13039,
sp13:0.10183):0.06872):0.03471,sp12:0.25940):0.08506):0.03039):0.11987):0.05339):0.06371,
sp16:0.66426):0.06086,((sp6:0.82830,sp5:0.35989):0.04299,
sp4:0.54328):0.02122):0.05225):0.03308,sp2:1.34533);
