(sp3:0.59252,((sp5:0.27883,sp4:0.37145):0.07120,((((sp11:0.75824,
(sp10:0.71191,(sp9:0.50412,(sp8:0.29648,((sp1:0.31245,(sp14:0.13071,
sp13:0.11386):0.09115):0.04618,sp12:0.28587):0.04025):0.04908):0.05134):0.10686):0.08484,
sp15:0.42946):0.02017,sp7:0.70635):0.03543,(sp6:0.77747,
sp16:0.53148):0.02665):0.03746):0.06003,sp2:1.38089);
