(sp3:0.51376,((sp4:0.38686,sp5:0.31238):0.06318,((sp11:0.81115,
sp6:0.80543):0.05181,((sp7:0.72486,sp16:0.52799):0.01875,
((sp10:0.81498,(sp9:0.43882,(((sp1:0.38463,(sp13:0.07799,
sp14:0.16807):0.09634):0.05871,sp12:0.20503):0.03360,sp8:0.32336):0.00399):0.17294):0.13756,
sp15:0.42224):0.04266):0.01639):0.04299):0.14588,sp2:1.08925);
