(sp3:0.52907,(sp5:0.38027,((sp6:0.75839,(((((sp10:0.90458,
(sp9:0.61613,(sp8:0.31459,((sp1:0.29858,(sp14:0.11306,sp13:0.10193):0.06090):0.03765,
sp12:0.19538):0.07416):0.03886):0.05177):0.07413,sp11:0.79946):0.08529,
sp15:0.31110):0.07549,sp7:0.52852):0.03112,sp16:0.59834):0.06537):0.04502,
sp4:0.45102):0.03416):0.07873,sp2:1.16991);
