(sp6:0.66119,(sp3:0.61559,((((sp11:0.91885,((sp10:0.72238,
(sp9:0.58183,(sp8:0.38278,((sp1:0.38647,(sp13:0.09347,sp14:0.10188):0.05164):0.04911,
sp12:0.26232):0.11553):0.03724):0.08458):0.05700,sp15:0.41495):0.03696):0.06184,
sp7:0.63477):0.02457,sp16:0.68566):0.01153,(sp4:0.43952,
sp5:0.33188):0.11856):0.04623):0.11252,sp2:1.07380);
