(sp3:0.55095,(sp6:0.82318,(((sp16:0.65106,((sp11:0.78655,
(sp10:0.70296,((sp9:0.67530,((sp1:0.30855,(sp13:0.07844,
sp14:0.15820):0.07329):0.07738,sp12:0.24432):0.05690):0.00937,
sp8:0.39984):0.08074):0.06717):0.03707,sp15:0.42590):0.16969):0.02734,
sp7:0.63853):0.06123,(sp5:0.35723,sp4:0.37376):0.07682):0.02309):0.09340,sp2:1.05386);
