(sp3:0.68037,((((sp11:0.84767,(sp10:0.76843,(sp9:0.57312,
(sp8:0.31890,((sp1:0.33823,(sp14:0.11081,sp13:0.05322):0.08556):0.05139,
sp12:0.19464):0.07090):0.05607):0.03720):0.10770):0.06273,
sp15:0.37817):0.08099,sp16:0.66778):0.03323,((sp7:0.73130,
sp6:0.65144):0.03326,(sp5:0.31553,sp4:0.36257):0.09115):0.04140):0.13657,sp2:1.01804);
