(sp6:0.62673,(((sp11:0.91437,((sp10:0.72605,(sp9:0.61246,
(sp8:0.30573,((sp1:0.35369,(sp13:0.07465,sp14:0.13650):0.09918):0.04381,
sp12:0.26897):0.06905):0.01585):0.08206):0.10322,sp15:0.39333):0.01056):0.10025,
sp7:0.72394):0.05215,(sp3:0.58183,(sp16:0.50915,(sp4:0.43289,
sp5:0.30059):0.07180):0.02051):0.01684):0.11144,sp2:1.34958);
