(sp7:0.77619,(((((sp10:0.81048,sp11:0.74654):0.04497,(sp9:0.53627,
(sp8:0.33359,((sp1:0.40690,(sp14:0.11491,sp13:0.07652):0.09081):0.05296,
sp12:0.22677):0.03881):0.06805):0.11063):0.08275,sp15:0.40269):0.05550,
sp16:0.55765):0.04964,(sp6:0.90642,(sp3:0.67464,(sp4:0.38972,
sp5:0.30963):0.01725):0.03998):0.04098):0.05055,sp2:1.12957);
