(sp3:0.52841,(sp11:0.93454,(((sp6:0.73342,sp7:0.79965):0.11471,
((sp10:0.86623,(sp9:0.56441,(sp8:0.33165,((sp1:0.28244,(sp13:0.06909,
sp14:0.12279):0.08477):0.05325,sp12:0.21733):0.06430):0.02245):0.10147):0.15875,
sp15:0.37478):0.01397):0.01183,(sp16:0.62365,(sp4:0.43825,
sp5:0.23280):0.14660):0.05280):0.08858):0.03190,sp2:1.30415);
