(sp3:0.67063,((((((sp11:0.86433,(sp10:0.71072,((sp9:0.47493,
((sp1:0.30735,(sp13:0.09679,sp14:0.11949):0.05910):0.08650,
sp12:0.23458):0.06990):0.03993,sp8:0.34511):0.07536):0.13315):0.03460,
sp15:0.41436):0.02264,sp6:0.89970):0.05590,(sp4:0.43256,
sp5:0.26036):0.15435):0.04548,sp7:0.62272):0.01227,sp16:0.54117):0.02055,sp2:1.17882);
