(sp3:0.54783,((sp5:0.30031,sp4:0.43440):0.02869,(((sp11:0.83246,
((sp10:0.74316,(sp9:0.52914,(sp8:0.25796,((sp1:0.33127,(sp14:0.10429,
sp13:0.05098):0.06147):0.08939,sp12:0.22622):0.07259):0.03417):0.10036):0.11958,
sp15:0.43878):0.02013):0.04787,(sp7:0.71639,sp16:0.64005):0.03143):0.07259,
sp6:0.81205):0.02205):0.05478,sp2:1.19291);
