((((sp6:0.82401,(sp5:0.31339,sp4:0.36780):0.05000):0.05796,
sp3:0.55641):0.05393,sp16:0.73429):0.06420,((sp7:0.69257,
sp15:0.38612):0.06133,(sp11:0.85804,(sp10:0.70265,(sp9:0.64215,
(sp8:0.34843,((sp1:0.25503,(sp14:0.08808,sp13:0.08883):0.07122):0.03809,
sp12:0.27940):0.05489):0.03741):0.03083):0.15989):0.04979):0.05179,sp2:1.16189);
