(sp3:0.62660,(sp4:0.41096,(sp16:0.60604,((((sp11:0.91719,
sp6:0.72844):0.04691,((sp10:0.64785,((sp9:0.48939,(sp1:0.41421,
(sp12:0.23931,(sp14:0.10281,sp13:0.06399):0.09043):0.03681):0.04443):0.01456,
sp8:0.34899):0.09898):0.10687,sp15:0.37547):0.05117):0.00701,
sp7:0.71125):0.09288,sp5:0.30660):0.02057):0.03103):0.06340,sp2:1.28040);
