(sp3:0.61967,((sp4:0.43966,sp5:0.30752):0.07088,(((sp6:0.79560,
sp7:0.72002):0.01852,((sp11:0.74618,sp15:0.38711):0.00539,
(sp10:0.73788,(sp9:0.53897,(((sp1:0.34319,(sp13:0.07570,
sp14:0.08353):0.06093):0.07380,sp12:0.19627):0.06093,sp8:0.25736):0.04352):0.06269):0.14673):0.11658):0.01517,
sp16:0.61511):0.03239):0.04936,sp2:1.11343);
