(sp3:0.50695,((((((sp11:1.14660,(sp10:0.69153,((sp9:0.65942,
((sp1:0.32445,(sp14:0.12661,sp13:0.06184):0.05468):0.05118,
sp12:0.26935):0.04971):0.03602,sp8:0.35607):0.10123):0.14965):0.05991,
sp15:0.46990):0.03838,sp7:0.71720):0.02846,sp16:0.72948):0.03524,
sp6:0.79188):0.01066,(sp4:0.54631,sp5:0.31109):0.08028):0.07203,sp2:1.27906);
