(sp3:0.62380,((sp4:0.35647,sp5:0.29861):0.11627,((sp6:0.91529,
sp7:0.58483):0.01598,(sp16:0.54128,(((sp10:0.91649,(sp9:0.56979,
(sp8:0.30005,((sp1:0.32410,(sp14:0.11560,sp13:0.09105):0.04258):0.06506,
sp12:0.23804):0.05156):0.07248):0.11015):0.05041,sp15:0.45472):0.00930,
sp11:0.89098):0.04014):0.03869):0.06035):0.07475,sp2:1.19790);
