(sp3:0.53083,(((((sp11:0.93162,(sp10:0.89802,(sp9:0.56789,
(sp8:0.32292,((sp1:0.37664,(sp14:0.12458,sp13:0.08007):0.03655):0.11585,
sp12:0.18956):0.08757):0.05141):0.14140):0.08938):0.04540,
sp15:0.43542):0.04589,(sp7:0.75622,sp16:0.53896):0.06046):0.07044,
sp5:0.38755):0.00137,(sp6:0.93013,sp4:0.43464):0.05469):0.03708,sp2:1.27837);
