(sp3:0.54402,(sp7:0.58663,((((sp11:0.82504,sp10:0.86166):0.08416,
((sp9:0.60029,((sp1:0.31307,(sp14:0.13803,sp13:0.08775):0.08295):0.04851,
sp12:0.19578):0.09721):0.04362,sp8:0.37184):0.12941):0.08492,
sp15:0.45303):0.05959,(sp16:0.74487,(sp6:0.71610,(sp5:0.32005,
sp4:0.33458):0.11377):0.02017):0.02550):0.04910):0.06209,sp2:0.98097);
