(sp3:0.60657,(sp11:0.81719,(sp7:0.76588,(((sp10:0.74463,
((sp9:0.50550,((sp1:0.28484,(sp14:0.13398,sp13:0.06710):0.03490):0.09834,
sp12:0.22539):0.08336):0.05734,sp8:0.32036):0.09221):0.13374,
sp15:0.36676):0.06939,((sp6:0.67194,(sp4:0.35240,sp5:0.31763):0.13157):0.03500,
sp16:0.59566):0.02417):0.03413):0.03746):0.08253,sp2:1.26625);
