(((((sp10:0.97048,(sp9:0.56136,(sp8:0.29269,((sp1:0.31663,
(sp14:0.12168,sp13:0.08769):0.07761):0.06908,sp12:0.24141):0.05683):0.05652):0.10508):0.03732,
sp11:0.79443):0.07021,sp15:0.44591):0.06496,(sp7:0.74890,
sp16:0.78900):0.00878):0.07219,(((sp6:0.80116,sp3:0.65790):0.02208,
sp5:0.39516):0.02051,sp4:0.40230):0.03601,sp2:1.23727);
