(sp3:0.54212,(sp6:0.63156,(((((sp11:0.70975,sp15:0.43176):0.02273,
(sp10:0.67881,(sp9:0.66101,(sp8:0.29587,((sp1:0.33213,(sp13:0.06664,
sp14:0.15232):0.05489):0.01989,sp12:0.26712):0.04827):0.06717):0.05968):0.16153):0.04202,
sp16:0.69384):0.04069,sp7:0.69981):0.04483,(sp4:0.35777,
sp5:0.32148):0.05474):0.02078):0.07695,sp2:0.91357);
