(sp6:0.65348,(sp7:0.75132,(((((sp10:0.85072,(sp9:0.56990,
(sp8:0.38213,((sp1:0.36452,(sp13:0.09635,sp14:0.16244):0.06930):0.04618,
sp12:0.25305):0.08329):0.03863):0.08168):0.09365,sp15:0.47311):0.01801,
sp11:0.89414):0.06483,(sp3:0.61597,(sp5:0.32848,sp4:0.47315):0.06851):0.03073):0.02050,
sp16:0.62621):0.02428):0.10316,sp2:0.92996);
