(sp3:0.54099,((sp4:0.41455,sp5:0.32431):0.06914,(((((sp11:0.86595,
(sp10:0.81384,(sp9:0.62658,(sp8:0.34059,((sp1:0.33960,(sp13:0.06951,
sp14:0.10645):0.04897):0.04034,sp12:0.23782):0.08246):0.05590):0.08329):0.09370):0.03655,
sp7:0.75157):0.02464,sp15:0.36738):0.04944,sp16:0.76624):0.00984,
sp6:0.82484):0.06004):0.03050,sp2:1.29786);
