(sp9:0.23820,(((((((sp3:0.20969,sp2:0.29558):0.03878,(sp4:0.05581,
sp5:0.10872):0.03868):0.07174,(sp16:0.18856,(sp7:0.26116,
sp15:0.13462):0.02819):0.01951):0.01864,sp6:0.33410):0.04700,
((sp12:0.04884,sp13:0.03032):0.01637,(sp14:0.05126,sp1:0.13992):0.02656):0.03790):0.01740,
sp11:0.30750):0.00717,sp10:0.26709):0.12328,sp8:0.13188);
