(sp9:0.21677,(((sp12:0.04754,sp13:0.00631):0.01810,(sp14:0.07020,
sp1:0.13099):0.05035):0.04740,((sp11:0.33877,sp10:0.30599):0.02448,
(sp6:0.31124,(((sp4:0.04344,sp5:0.09102):0.04205,(sp2:0.36301,
sp3:0.22637):0.07783):0.03219,(sp16:0.24587,(sp7:0.21346,
sp15:0.15189):0.08780):0.00711):0.00929):0.04809):0.00192):0.12918,sp8:0.11360);
