(sp9:0.24408,((((sp12:0.06674,sp13:0.02283):0.01769,(sp14:0.04156,
sp1:0.12911):0.02386):0.06414,(sp10:0.38139,sp11:0.33963):0.02858):0.00439,
(sp6:0.39159,(((sp3:0.18373,sp2:0.26910):0.06000,(sp4:0.03540,
sp5:0.11157):0.06074):0.06136,(sp16:0.23832,(sp7:0.24026,
sp15:0.12352):0.02128):0.00929):0.01154):0.05118):0.10400,sp8:0.11236);
