(sp9:0.17619,((((sp3:0.21897,sp2:0.26848):0.04397,(sp4:0.05062,
sp5:0.08966):0.04140):0.04213,((sp16:0.23334,(sp7:0.23017,
sp15:0.11177):0.05181):0.01245,sp6:0.31925):0.00263):0.06060,
(sp11:0.32686,(((sp12:0.05148,sp13:0.02075):0.01100,(sp14:0.05303,
sp1:0.15598):0.02762):0.04005,sp10:0.27018):0.00300):0.00720):0.09466,sp8:0.14476);
