(sp9:0.19903,((sp10:0.31238,sp11:0.28021):0.04595,(((sp12:0.05587,
sp13:0.02719):0.02281,(sp14:0.06016,sp1:0.12199):0.03284):0.05433,
(sp7:0.29362,((((sp3:0.21492,sp2:0.24339):0.04961,(sp4:0.04357,
sp5:0.09290):0.05014):0.06224,(sp16:0.23038,sp6:0.41668):0.02428):0.01220,
sp15:0.13440):0.01688):0.04571):0.01829):0.11240,sp8:0.14878);
