(sp9:0.21712,(((((((sp3:0.19130,sp2:0.31553):0.02923,(sp5:0.12368,
sp4:0.04355):0.02520):0.03375,(sp16:0.27196,sp6:0.36443):0.00872):0.01016,
(sp7:0.25618,sp15:0.11238):0.03982):0.05064,((sp12:0.06627,
sp13:0.01239):0.01514,(sp1:0.10377,sp14:0.06236):0.01307):0.07044):0.00790,
sp11:0.34439):0.00378,sp10:0.25154):0.12373,sp8:0.11250);
