(sp9:0.23566,(((sp12:0.08943,sp13:0.02524):0.00424,(sp1:0.10498,
sp14:0.04945):0.03464):0.09250,((sp11:0.37777,sp10:0.28818):0.02862,
(((sp3:0.19444,(sp5:0.10475,sp4:0.04618):0.04732):0.01949,
sp2:0.36660):0.04343,(sp16:0.24324,(sp6:0.36345,(sp15:0.10988,
sp7:0.21157):0.04458):0.00810):0.01728):0.06290):0.00866):0.12231,sp8:0.14267);
