(sp9:0.23732,((((sp12:0.09848,sp13:0.02665):0.01001,(sp14:0.04680,
sp1:0.10596):0.05112):0.03538,(sp11:0.30374,sp10:0.31218):0.02226):0.00616,
(sp16:0.23398,((sp7:0.28917,sp15:0.15519):0.05968,(((sp3:0.16697,
sp2:0.24900):0.03287,(sp4:0.04021,sp5:0.05693):0.06248):0.03195,
sp6:0.35830):0.01080):0.01190):0.05444):0.10154,sp8:0.11144);
