(sp9:0.24193,(((((sp3:0.18057,sp2:0.33621):0.03645,(sp5:0.11706,
sp4:0.04126):0.04245):0.08174,(sp16:0.30304,(sp7:0.25201,
sp15:0.13662):0.03191):0.01725):0.00958,sp6:0.33594):0.02208,
((((sp12:0.03784,sp13:0.03341):0.01010,(sp1:0.14157,sp14:0.04901):0.05700):0.08670,
sp11:0.30386):0.00257,sp10:0.27894):0.00964):0.09979,sp8:0.14300);
