(sp9:0.21168,((((((sp3:0.18997,sp2:0.30569):0.05826,(sp4:0.03880,
sp5:0.08437):0.04880):0.03766,((sp16:0.20002,sp6:0.24479):0.02859,
(sp7:0.26872,sp15:0.10158):0.04919):0.01657):0.05622,((sp12:0.06707,
sp13:0.02306):0.01440,(sp14:0.05573,sp1:0.14306):0.04049):0.08054):0.01778,
sp11:0.37273):0.00660,sp10:0.39599):0.13153,sp8:0.10896);
