(sp9:0.23402,((((sp3:0.20641,sp2:0.35558):0.06460,(sp5:0.09472,
sp4:0.04423):0.04153):0.04292,((sp16:0.19931,sp6:0.34425):0.03902,
(sp7:0.26081,sp15:0.11586):0.05527):0.01966):0.04071,((((sp12:0.05581,
sp13:0.02743):0.01736,(sp1:0.15153,sp14:0.06960):0.02894):0.06893,
sp10:0.35335):0.00476,sp11:0.32403):0.01869):0.09268,sp8:0.16135);
