(sp9:0.23356,((((sp3:0.18364,sp2:0.31732):0.02861,(sp4:0.03354,
sp5:0.09090):0.05064):0.03700,((sp16:0.21549,sp6:0.27757):0.02342,
(sp7:0.26388,sp15:0.09732):0.05681):0.00869):0.01865,((((sp12:0.03129,
sp13:0.01609):0.02119,(sp14:0.06849,sp1:0.11308):0.02664):0.02955,
sp11:0.32903):0.00652,sp10:0.29756):0.00225):0.10433,sp8:0.10813);
