(sp9:0.17788,(((((sp12:0.05879,sp13:0.03046):0.01106,(sp14:0.04064,
sp1:0.10572):0.03960):0.05897,sp10:0.23191):0.01207,sp11:0.32539):0.01106,
(((((sp3:0.20326,sp2:0.29843):0.01275,(sp4:0.02607,sp5:0.10270):0.05825):0.03341,
sp6:0.30630):0.01357,sp16:0.28903):0.00611,(sp7:0.23029,
sp15:0.16004):0.04947):0.02174):0.17020,sp8:0.10595);
