(sp9:0.21127,((sp11:0.32834,sp10:0.26247):0.02872,(((sp12:0.04700,
sp13:0.01476):0.01585,(sp14:0.06131,sp1:0.14089):0.01564):0.04779,
(((((sp3:0.22368,sp2:0.36077):0.05977,(sp4:0.05223,sp5:0.09472):0.03472):0.05244,
sp16:0.26912):0.01141,sp6:0.37405):0.00335,(sp7:0.21502,
sp15:0.13524):0.05911):0.04008):0.00369):0.14898,sp8:0.13872);
