(sp9:0.22879,(((sp12:0.06924,sp13:0.00996):0.01831,(sp14:0.05168,
sp1:0.13984):0.01206):0.03206,(sp11:0.40841,((((sp3:0.21738,
sp2:0.29173):0.02607,(sp4:0.04066,sp5:0.06912):0.03957):0.04642,
(sp16:0.23673,(sp6:0.34171,(sp7:0.29689,sp15:0.12191):0.02500):0.00655):0.02735):0.04796,
sp10:0.33675):0.00634):0.02078):0.10154,sp8:0.14184);
