(sp9:0.22989,((sp11:0.33488,sp10:0.27982):0.02659,(((sp12:0.07514,
sp13:0.02292):0.01946,(sp1:0.12868,sp14:0.04408):0.02560):0.06583,
(sp16:0.24619,((((sp3:0.13280,sp2:0.32653):0.02261,(sp5:0.07619,
sp4:0.02213):0.04896):0.04178,(sp7:0.26079,sp15:0.14527):0.02943):0.01287,
sp6:0.37674):0.00430):0.05854):0.01275):0.07488,sp8:0.14788);
