(sp9:0.23590,(((sp12:0.02283,sp13:0.00793):0.02941,(sp14:0.03585,
sp1:0.11882):0.01651):0.05167,((sp11:0.29289,sp10:0.25058):0.01782,
(sp16:0.24326,((((sp3:0.17068,sp2:0.28745):0.06923,(sp4:0.04065,
sp5:0.07082):0.05201):0.05716,sp6:0.30769):0.00552,(sp7:0.30458,
sp15:0.16122):0.03031):0.01593):0.02915):0.01725):0.13802,sp8:0.12527);
