(sp9:0.23833,((((sp3:0.22612,sp2:0.35971):0.05033,(sp4:0.07879,
sp5:0.08155):0.03260):0.05225,((sp16:0.27129,sp6:0.33115):0.01097,
(sp7:0.25228,sp15:0.13440):0.03460):0.02347):0.04577,((((sp12:0.05864,
sp13:0.02355):0.02203,(sp14:0.05696,sp1:0.13814):0.04323):0.05567,
sp11:0.28444):0.01416,sp10:0.34975):0.00856):0.10408,sp8:0.12405);
