(sp9:0.25441,(((((sp3:0.21810,sp2:0.36272):0.01909,(sp5:0.09673,
sp4:0.05133):0.04555):0.05604,(sp6:0.31571,(sp7:0.31601,
sp15:0.09838):0.07314):0.00343):0.00877,sp16:0.23470):0.04083,
(sp11:0.40185,(((sp12:0.05125,sp13:0.02867):0.01801,(sp1:0.11618,
sp14:0.05388):0.02884):0.06078,sp10:0.30450):0.00375):0.00585):0.10665,sp8:0.14238);
