(sp9:0.19557,((((((sp3:0.20480,sp2:0.32575):0.03913,(sp5:0.06361,
sp4:0.06346):0.03596):0.04854,(sp16:0.30084,(sp7:0.29811,
sp15:0.12738):0.03660):0.03190):0.01880,(sp11:0.42771,sp6:0.37013):0.03014):0.03752,
((sp12:0.06868,sp13:0.02109):0.02630,(sp1:0.10280,sp14:0.04596):0.04926):0.07375):0.01127,
sp10:0.24865):0.13107,sp8:0.15182);
