(sp9:0.18843,(((((((sp3:0.12650,sp2:0.35649):0.00924,(sp5:0.07830,
sp4:0.05387):0.04269):0.05198,(sp16:0.18097,(sp15:0.15897,
sp7:0.24965):0.04564):0.01072):0.01922,sp6:0.34386):0.02727,
sp11:0.33865):0.01029,sp10:0.32946):0.00540,((sp12:0.05167,
sp13:0.03394):0.00950,(sp1:0.14486,sp14:0.08148):0.02271):0.05635):0.13765,sp8:0.13256);
