(sp9:0.24858,((((sp16:0.26116,sp6:0.32929):0.01348,(sp7:0.30692,
sp15:0.11556):0.05494):0.01801,sp10:0.32887):0.01810,(((sp12:0.04490,
sp13:0.02072):0.02021,(sp14:0.03263,sp1:0.11921):0.04501):0.08573,
(((sp3:0.21213,sp2:0.31077):0.07742,(sp4:0.03824,sp5:0.06376):0.05496):0.04056,
sp11:0.36992):0.00544):0.02267):0.10283,sp8:0.14263);
