(sp9:0.22302,(sp10:0.33758,(sp11:0.39871,(((sp12:0.06873,
sp13:0.02578):0.01107,(sp14:0.06053,sp1:0.13272):0.03366):0.06848,
(sp16:0.23302,((((sp3:0.16292,sp2:0.26516):0.06765,(sp4:0.04545,
sp5:0.07768):0.04058):0.04090,(sp7:0.25562,sp15:0.15565):0.03652):0.01127,
sp6:0.27953):0.00304):0.05118):0.02339):0.00530):0.12430,sp8:0.13475);
