(sp9:0.20501,(sp10:0.27292,(sp11:0.40534,(((sp12:0.07305,
sp13:0.03104):0.01885,(sp14:0.06061,sp1:0.11693):0.04257):0.08848,
(sp6:0.34422,(((sp3:0.23842,sp2:0.37216):0.07872,(sp4:0.03282,
sp5:0.12505):0.06860):0.02211,(sp16:0.22749,(sp7:0.29347,
sp15:0.13885):0.05457):0.01037):0.00684):0.02293):0.00993):0.01689):0.08469,sp8:0.15444);
