(sp9:0.20086,(((((sp3:0.25353,sp2:0.33121):0.01872,(sp4:0.02945,
sp5:0.06222):0.04514):0.04759,((sp16:0.25753,(sp7:0.24727,
sp15:0.14322):0.05554):0.01892,sp6:0.33672):0.00881):0.04216,
(sp10:0.32199,sp11:0.33292):0.03414):0.00355,((sp12:0.05220,
sp13:0.02478):0.01087,(sp14:0.03758,sp1:0.14939):0.02839):0.07302):0.11080,sp8:0.10977);
