(sp9:0.19726,((sp11:0.27804,sp10:0.26659):0.01729,(((sp12:0.05964,
sp13:0.01188):0.02811,(sp14:0.07171,sp1:0.11977):0.03478):0.07028,
(sp6:0.32762,(((sp3:0.15218,sp2:0.33202):0.06718,(sp4:0.02496,
sp5:0.08239):0.04835):0.05967,(sp16:0.24606,(sp7:0.22733,
sp15:0.11500):0.07233):0.00544):0.01600):0.04017):0.02058):0.09295,sp8:0.13148);
