(sp9:0.24222,(((((sp3:0.19348,sp2:0.34172):0.03608,(sp4:0.04019,
sp5:0.11629):0.07174):0.05395,((sp16:0.33311,(sp7:0.25620,
sp15:0.13662):0.02683):0.02968,sp6:0.29996):0.00622):0.01641,
(sp11:0.39304,sp10:0.25632):0.02324):0.00642,((sp12:0.08273,
sp13:0.03310):0.01345,(sp14:0.05379,sp1:0.09828):0.01710):0.08263):0.12302,sp8:0.14059);
