(sp9:0.20909,(((sp12:0.07319,sp13:0.02264):0.02655,(sp14:0.04469,
sp1:0.12306):0.02294):0.02770,(sp11:0.29614,(((((sp4:0.04481,
sp5:0.09645):0.04849,(sp2:0.26246,sp3:0.20930):0.06924):0.03330,
(sp16:0.23630,sp6:0.35789):0.02408):0.00448,(sp7:0.25303,
sp15:0.09069):0.12233):0.05984,sp10:0.29181):0.01256):0.00464):0.09790,sp8:0.12875);
