(sp9:0.19927,(sp10:0.31746,(sp11:0.42337,(((sp12:0.05357,
sp13:0.01576):0.01842,(sp14:0.03954,sp1:0.15403):0.03421):0.07440,
((sp7:0.29827,sp15:0.11915):0.09051,(sp16:0.22710,(((sp3:0.24915,
sp2:0.27862):0.05134,(sp4:0.04362,sp5:0.07549):0.07921):0.04411,
sp6:0.39314):0.00679):0.00757):0.04019):0.01172):0.02729):0.05941,sp8:0.14713);
