(sp9:0.20944,((sp11:0.33572,sp10:0.30496):0.00778,(((sp12:0.04532,
sp13:0.01886):0.01314,(sp14:0.02875,sp1:0.12435):0.02706):0.07052,
(sp16:0.24544,((((sp3:0.17587,sp2:0.30538):0.03228,(sp4:0.05358,
sp5:0.07157):0.03001):0.05470,sp6:0.28003):0.00309,(sp7:0.24075,
sp15:0.14290):0.03390):0.01509):0.02704):0.00883):0.16641,sp8:0.12143);
