(sp9:0.22434,(((((sp3:0.14498,sp2:0.24159):0.05702,(sp4:0.02834,
sp5:0.09497):0.03574):0.04281,(sp16:0.16998,(sp7:0.29502,
sp15:0.13910):0.05902):0.00648):0.00836,sp6:0.25987):0.01629,
((((sp12:0.08788,sp13:0.03130):0.01657,(sp14:0.04582,sp1:0.12275):0.04578):0.04341,
sp11:0.28332):0.00327,sp10:0.31982):0.00842):0.15254,sp8:0.10599);
