(sp9:0.21128,(((sp12:0.06321,sp13:0.01949):0.00499,(sp14:0.04877,
sp1:0.11814):0.02735):0.04885,(((((sp3:0.19949,sp2:0.29120):0.07794,
(sp4:0.03721,sp5:0.07825):0.07727):0.06339,((sp16:0.18908,
sp6:0.29435):0.00370,(sp7:0.29749,sp15:0.10543):0.04351):0.02776):0.04855,
sp11:0.36247):0.01917,sp10:0.31232):0.01170):0.07739,sp8:0.19915);
