(sp9:0.24706,((((sp3:0.17119,sp2:0.34409):0.03774,(sp4:0.03070,
sp5:0.11413):0.05552):0.03824,((sp16:0.26437,sp6:0.31273):0.01927,
(sp7:0.31734,sp15:0.16828):0.03558):0.01452):0.05151,((((sp12:0.07213,
sp13:0.02809):0.01115,(sp14:0.05144,sp1:0.14136):0.03238):0.04660,
sp10:0.30002):0.00901,sp11:0.42820):0.00686):0.12538,sp8:0.12868);
