(sp9:0.17730,((sp11:0.34733,sp10:0.29487):0.02390,(((sp12:0.07114,
sp13:0.02201):0.01347,(sp14:0.03548,sp1:0.10660):0.02805):0.06091,
(sp16:0.23505,((sp7:0.28472,sp15:0.11859):0.06126,(((sp3:0.21812,
sp2:0.31362):0.04529,(sp4:0.02553,sp5:0.06002):0.04185):0.01251,
sp6:0.38263):0.01063):0.01094):0.03704):0.01532):0.10838,sp8:0.12381);
