(sp9:0.24400,(((sp12:0.07693,sp13:0.03102):0.01815,(sp14:0.03894,
sp1:0.13244):0.02951):0.04666,((sp10:0.34395,sp11:0.40223):0.05423,
(sp6:0.32388,(((sp3:0.17875,sp2:0.24496):0.06645,(sp4:0.04062,
sp5:0.10414):0.05045):0.05326,(sp16:0.20301,(sp7:0.31313,
sp15:0.13942):0.03206):0.01259):0.00805):0.01020):0.02469):0.08423,sp8:0.14560);
