(sp9:0.20857,(((((sp4:0.04582,sp5:0.08678):0.05337,(sp2:0.26146,
sp3:0.21025):0.05592):0.02738,((sp16:0.23366,(sp7:0.23356,
sp15:0.13309):0.03595):0.01259,sp6:0.32902):0.01152):0.05294,
sp10:0.29286):0.01380,(sp11:0.33221,((sp12:0.04865,sp13:0.01431):0.01899,
(sp14:0.06121,sp1:0.13035):0.02957):0.03524):0.00621):0.06911,sp8:0.14665);
