(sp9:0.23847,(((((sp3:0.19917,sp2:0.30475):0.04351,(sp4:0.05426,
sp5:0.07027):0.03892):0.04892,(sp16:0.28499,(sp7:0.33139,
sp15:0.08859):0.06792):0.02168):0.02628,sp6:0.42571):0.02547,
((((sp12:0.04549,sp13:0.02694):0.01368,(sp14:0.05973,sp1:0.14139):0.05735):0.05103,
sp10:0.34139):0.01575,sp11:0.37024):0.00334):0.14058,sp8:0.11196);
