(sp9:0.20132,(((sp12:0.03411,sp13:0.02400):0.01036,(sp1:0.12156,
sp14:0.05104):0.04337):0.05678,((sp10:0.31614,sp11:0.41262):0.02670,
(sp16:0.22793,(((sp3:0.18746,sp2:0.29052):0.04088,(sp5:0.12281,
sp4:0.04880):0.04492):0.02289,(sp6:0.43686,(sp7:0.32494,
sp15:0.13260):0.04709):0.00581):0.00890):0.03556):0.00989):0.10933,sp8:0.16218);
