(sp9:0.27316,((sp11:0.31693,sp10:0.27504):0.03721,(((sp12:0.05450,
sp13:0.01480):0.03071,(sp14:0.04864,sp1:0.13594):0.03078):0.04453,
(((sp3:0.18011,(sp4:0.03096,sp5:0.08141):0.04638):0.02016,
sp2:0.31176):0.03693,((sp16:0.26332,(sp7:0.24619,sp15:0.15651):0.05727):0.01203,
sp6:0.35613):0.02246):0.08810):0.02189):0.07596,sp8:0.15192);
