(sp9:0.15554,(((sp12:0.04723,sp13:0.02649):0.02135,(sp14:0.08192,
sp1:0.14703):0.04184):0.03670,(((((sp3:0.19691,sp2:0.33232):0.04847,
(sp4:0.02803,sp5:0.05887):0.05592):0.02692,((sp16:0.25043,
sp6:0.31446):0.00843,(sp7:0.25895,sp15:0.14599):0.04741):0.01055):0.06141,
sp11:0.36904):0.01222,sp10:0.31972):0.00442):0.11571,sp8:0.11229);
