(sp9:0.15022,(((sp12:0.04483,sp13:0.02369):0.01646,(sp14:0.04279,
sp1:0.10727):0.02499):0.05938,((sp11:0.32339,sp10:0.23093):0.01973,
(sp16:0.21678,(((sp3:0.14376,sp2:0.24574):0.07503,(sp4:0.02571,
sp5:0.09417):0.04555):0.02303,(sp6:0.34298,(sp7:0.20435,
sp15:0.12601):0.05222):0.02153):0.01143):0.04773):0.00194):0.13337,sp8:0.10401);
