(sp9:0.19668,(((sp12:0.02954,sp13:0.01578):0.02043,(sp14:0.08730,
sp1:0.14336):0.05363):0.07171,(((((sp3:0.21869,sp2:0.35917):0.04361,
(sp4:0.06270,sp5:0.08488):0.05705):0.03585,((sp16:0.27971,
sp6:0.35843):0.04574,(sp7:0.24840,sp15:0.11993):0.03719):0.01958):0.05297,
sp10:0.33938):0.00870,sp11:0.33149):0.00745):0.13826,sp8:0.11293);
