(sp9:0.21545,(((sp12:0.05113,sp13:0.02703):0.02685,(sp14:0.06650,
sp1:0.14168):0.02571):0.03919,(sp10:0.30085,(sp11:0.36711,
(sp6:0.30809,(((sp3:0.14008,sp2:0.37025):0.08516,(sp4:0.04939,
sp5:0.06835):0.05929):0.07692,(sp16:0.26067,(sp7:0.29891,
sp15:0.12019):0.08373):0.00641):0.00874):0.02316):0.00801):0.01119):0.05786,sp8:0.16084);
