(sp3:0.19582,((sp5:0.06982,sp4:0.05129):0.07390,(((sp6:0.39652,
sp7:0.33105):0.01091,sp15:0.17025):0.05314,((((sp11:0.37470,
sp10:0.33405):0.04119,(sp9:0.29323,sp8:0.17109):0.12041):0.01213,
((sp1:0.13205,sp14:0.07092):0.04288,(sp13:0.01895,sp12:0.07340):0.01855):0.07882):0.03866,
sp16:0.32777):0.01126):0.01894):0.05393,sp2:0.41456);
