(sp3:0.26729,((sp4:0.04690,sp5:0.10003):0.04567,(((((sp10:0.35726,
sp11:0.38890):0.02469,(sp8:0.13218,sp9:0.22626):0.15033):0.00971,
((sp1:0.14365,sp14:0.07747):0.05355,(sp13:0.00740,sp12:0.05536):0.01912):0.05867):0.05708,
sp6:0.35013):0.00345,((sp7:0.26369,sp15:0.16977):0.09797,
sp16:0.28446):0.00689):0.03332):0.08439,sp2:0.38739);
