(sp3:0.21743,((sp5:0.12125,sp4:0.05135):0.04206,((((((sp11:0.40840,
sp10:0.32022):0.04049,(sp9:0.21443,sp8:0.14727):0.13347):0.03691,
((sp1:0.13074,sp14:0.05879):0.01798,(sp12:0.05374,sp13:0.02082):0.01889):0.05277):0.04692,
sp6:0.37455):0.01899,(sp7:0.34171,sp15:0.19023):0.01419):0.00728,
sp16:0.27594):0.05091):0.06301,sp2:0.41252);
