(sp3:0.25139,((sp4:0.04321,sp5:0.10098):0.07296,((sp7:0.25204,
sp15:0.15808):0.04814,((((sp11:0.38395,(sp10:0.31048,(sp9:0.29785,
sp8:0.13224):0.13091):0.01641):0.01075,((sp1:0.14561,sp14:0.06222):0.04232,
(sp12:0.10903,sp13:0.04245):0.01148):0.06983):0.07009,sp16:0.22260):0.00654,
sp6:0.39605):0.00646):0.04139):0.02451,sp2:0.40290);
