(sp10:0.30014,((sp8:0.16539,sp9:0.22677):0.12682,((((sp1:0.13471,
sp14:0.06158):0.03769,sp13:0.03291):0.00881,sp12:0.10496):0.07830,
(sp6:0.43942,(((sp2:0.37119,sp3:0.18085):0.05838,(sp5:0.10006,
sp4:0.05064):0.06294):0.06140,((sp7:0.28367,sp15:0.18185):0.03959,
sp16:0.28850):0.01000):0.00871):0.03266):0.00927):0.02723,sp11:0.46280);
