(sp6:0.38880,((((sp2:0.36653,sp3:0.22176):0.03878,(sp5:0.07204,
sp4:0.06835):0.04628):0.04904,(sp16:0.31954,(sp7:0.32634,
sp15:0.14496):0.04326):0.03642):0.01429,(((sp8:0.17810,sp9:0.20792):0.14304,
sp10:0.29453):0.00880,((sp1:0.13235,sp14:0.06944):0.05157,
(sp12:0.08029,sp13:0.03548):0.03670):0.08024):0.03418):0.03171,sp11:0.49767);
