(((sp10:0.34350,((sp1:0.14724,sp14:0.08068):0.03291,(sp12:0.07988,
sp13:0.02567):0.02505):0.07179):0.01255,(sp9:0.18813,sp8:0.16795):0.10392):0.01892,
(sp6:0.31479,(((sp2:0.31560,sp3:0.23298):0.07715,(sp5:0.11931,
sp4:0.06003):0.04314):0.02850,((sp7:0.30004,sp15:0.14853):0.05501,
sp16:0.26963):0.00530):0.01549):0.03096,sp11:0.38099);
