(sp16:0.27137,(((sp2:0.36971,sp3:0.25531):0.04657,(sp4:0.06306,
sp5:0.08285):0.07296):0.05450,((sp7:0.28445,sp15:0.17891):0.05243,
((((sp1:0.14718,sp14:0.05915):0.03045,sp13:0.04487):0.00538,
sp12:0.07448):0.07413,(sp10:0.35650,(sp11:0.41490,(sp9:0.22574,
sp8:0.12464):0.08429):0.00817):0.02320):0.05954):0.02435):0.03261,sp6:0.42691);
