((sp7:0.22426,sp15:0.15008):0.07835,(sp16:0.25256,(((sp2:0.45104,
sp3:0.22839):0.04500,(sp4:0.07556,sp5:0.10431):0.05061):0.07434,
((sp11:0.43994,((sp1:0.13624,sp14:0.08323):0.03180,(sp13:0.02042,
sp12:0.09437):0.01969):0.05778):0.00790,(sp10:0.32183,(sp9:0.15537,
sp8:0.14322):0.11751):0.00695):0.05823):0.02171):0.00809,sp6:0.37659);
