((sp7:0.28675,sp15:0.14896):0.10181,((((sp11:0.42540,(sp9:0.29399,
sp8:0.16431):0.08153):0.01990,sp10:0.38698):0.02953,((sp1:0.14478,
sp14:0.07360):0.01620,(sp12:0.07856,sp13:0.02061):0.02004):0.04988):0.06307,
(((sp2:0.37496,sp3:0.23661):0.04344,(sp4:0.04951,sp5:0.09955):0.06731):0.01483,
sp16:0.29290):0.01663):0.01374,sp6:0.41020);
