(sp10:0.31581,((((sp2:0.37141,sp3:0.21435):0.05167,(sp5:0.12356,
sp4:0.04320):0.07841):0.05630,((sp16:0.37194,(sp7:0.30265,
sp15:0.17025):0.01500):0.03427,sp6:0.32999):0.00758):0.03041,
((sp9:0.28936,sp8:0.16591):0.14540,(sp1:0.13482,((sp12:0.09918,
sp13:0.03747):0.01009,sp14:0.07623):0.01345):0.08881):0.00287):0.01861,sp11:0.44501);
