((sp9:0.23995,sp8:0.14045):0.13242,((((sp6:0.37218,(sp7:0.31966,
sp15:0.13952):0.07098):0.00904,sp16:0.24027):0.02246,((sp2:0.35804,
sp3:0.20704):0.02211,(sp5:0.10948,sp4:0.04914):0.06860):0.04837):0.03506,
(sp11:0.40436,((sp1:0.15868,sp14:0.05542):0.03156,(sp12:0.08385,
sp13:0.02998):0.02639):0.04708):0.01644):0.00724,sp10:0.42673);
