(sp3:0.20154,((sp5:0.08175,sp4:0.06080):0.07136,((sp7:0.32638,
sp15:0.15686):0.06310,((sp6:0.39559,(((sp11:0.32811,(sp9:0.27118,
sp8:0.15477):0.09761):0.03276,((sp1:0.13850,sp14:0.06297):0.02961,
(sp12:0.07297,sp13:0.04295):0.02508):0.06910):0.01558,sp10:0.33102):0.02891):0.01195,
sp16:0.25521):0.01353):0.05332):0.05642,sp2:0.39529);
