(sp3:0.19478,((sp5:0.11076,sp4:0.06125):0.06271,((((sp11:0.38133,
(sp9:0.27109,sp8:0.10753):0.11959):0.01691,((sp1:0.11127,
sp14:0.04550):0.03909,(sp12:0.05997,sp13:0.00794):0.03920):0.04767):0.00607,
sp10:0.35089):0.04750,(sp16:0.32611,(sp6:0.38668,(sp7:0.35152,
sp15:0.14254):0.02128):0.00360):0.02240):0.06430):0.04158,sp2:0.39047);
