(sp10:0.38634,((sp9:0.22798,sp8:0.19942):0.10106,(((sp1:0.12073,
sp14:0.05716):0.05026,(sp13:0.03253,sp12:0.04604):0.01607):0.07696,
(sp16:0.27040,(((sp2:0.31388,sp3:0.22898):0.05852,(sp4:0.04979,
sp5:0.13239):0.06095):0.02923,(sp6:0.46919,(sp7:0.37087,
sp15:0.16334):0.05459):0.00821):0.01228):0.04528):0.02071):0.01225,sp11:0.46774);
