(sp9:0.54240,(((((sp3:0.45261,sp2:0.82885):0.08272,(sp4:0.20026,
sp5:0.32265):0.12048):0.07949,((sp16:0.71401,sp15:0.38305):0.02564,
sp7:0.78862):0.03705):0.05958,sp6:0.84985):0.05196,(((sp12:0.16921,
sp13:0.09974):0.03560,(sp14:0.21746,sp1:0.31718):0.06861):0.16992,
(sp11:0.85183,sp10:0.71824):0.01352):0.01948):0.20025,sp8:0.37955);
