(sp9:0.61342,((((sp12:0.22021,sp13:0.12482):0.04425,sp14:0.25652):0.04203,
sp1:0.44582):0.13520,(((((sp3:0.66324,(sp4:0.18334,sp5:0.33083):0.19906):0.02958,
sp2:0.88060):0.08397,((sp16:0.60759,(sp7:0.67461,sp15:0.39277):0.24260):0.03043,
sp6:0.90226):0.03423):0.11010,sp10:0.70557):0.03655,sp11:0.87557):0.02582):0.34266,sp8:0.34526);
