(sp9:0.45025,((((((sp3:0.56060,sp2:0.76102):0.05342,(sp4:0.19208,
sp5:0.20855):0.15450):0.09274,(sp16:0.65491,(sp7:0.65693,
sp15:0.41982):0.06569):0.03889):0.01408,sp6:0.90825):0.07515,
(sp11:0.79303,sp10:0.72260):0.05635):0.00638,((sp12:0.17569,
sp13:0.12723):0.05318,(sp14:0.22878,sp1:0.42082):0.09881):0.21293):0.24464,sp8:0.44017);
