(sp9:0.54257,((((sp12:0.18226,sp13:0.09224):0.05038,(sp1:0.35490,
sp14:0.18229):0.10085):0.20065,sp10:0.72300):0.01689,((((((sp3:0.50628,
(sp5:0.36463,sp4:0.13576):0.15372):0.03259,sp2:0.67915):0.15476,
sp16:0.62003):0.03902,sp6:0.87521):0.02815,(sp7:0.66880,
sp15:0.50265):0.17740):0.02720,sp11:1.00141):0.12774):0.20353,sp8:0.35616);
