(sp9:0.47897,(((sp12:0.16873,sp13:0.09844):0.05996,(sp14:0.16195,
sp1:0.30384):0.09264):0.12404,(sp10:0.75549,(sp11:1.01604,
(sp6:0.71672,((sp15:0.45291,sp7:0.63217):0.12074,(((sp3:0.53310,
sp2:0.65199):0.15889,(sp4:0.13570,sp5:0.26520):0.15862):0.13740,
sp16:0.62389):0.03478):0.05182):0.05463):0.05060):0.03500):0.19751,sp8:0.39883);
