(sp9:0.52658,(((sp12:0.17074,sp13:0.09842):0.09897,(sp1:0.39530,
sp14:0.21817):0.03268):0.10334,((sp11:0.82726,sp10:0.84969):0.04828,
(sp6:0.88265,((((sp3:0.57335,sp2:0.64641):0.10228,(sp5:0.24308,
sp4:0.20177):0.18891):0.03814,sp16:0.60509):0.03853,(sp15:0.38548,
sp7:0.64955):0.15905):0.02622):0.09107):0.07092):0.23226,sp8:0.46466);
