(sp9:0.67642,((sp11:0.78372,sp10:0.88971):0.08255,(((sp12:0.21890,
sp13:0.12255):0.09514,(sp1:0.38279,sp14:0.22255):0.05875):0.10641,
(sp6:0.89897,((((sp3:0.56083,sp2:0.82327):0.04418,(sp5:0.32820,
sp4:0.19302):0.16375):0.11563,(sp7:0.81642,sp15:0.39716):0.05233):0.01471,
sp16:0.62889):0.05145):0.03723):0.07357):0.18665,sp8:0.46586);
