(sp9:0.59267,((((sp3:0.60573,(sp4:0.15974,sp5:0.26465):0.13951):0.07721,
sp2:0.71156):0.05887,(sp16:0.63294,(sp6:0.83799,(sp7:0.77454,
sp15:0.46772):0.06366):0.03391):0.04325):0.04319,(sp11:0.84008,
(((sp12:0.25094,sp13:0.11443):0.07531,(sp14:0.25114,sp1:0.42832):0.04223):0.11460,
sp10:0.83796):0.01123):0.01689):0.44511,sp8:0.29666);
