(sp9:0.47490,(((sp12:0.17527,sp13:0.09165):0.11310,(sp1:0.38913,
sp14:0.24397):0.11590):0.11167,((((sp16:0.54454,(sp7:0.89348,
sp15:0.46115):0.09576):0.06569,sp6:0.84212):0.04851,((sp3:0.64651,
sp2:0.60681):0.14419,(sp4:0.23782,sp5:0.28776):0.15948):0.17486):0.08420,
(sp10:0.78116,sp11:0.98831):0.03021):0.04878):0.31856,sp8:0.35461);
