(sp9:0.67257,(((sp12:0.20731,sp13:0.12285):0.03463,(sp1:0.34989,
sp14:0.16870):0.07248):0.21157,((((((sp3:0.54118,(sp5:0.18392,
sp4:0.16209):0.13293):0.07138,sp2:0.74048):0.08714,(sp7:0.87247,
sp15:0.45626):0.06640):0.04532,(sp16:0.59201,sp6:0.75334):0.09495):0.01847,
sp10:0.84663):0.05064,sp11:0.85234):0.00910):0.18537,sp8:0.41525);
