(sp9:0.54476,((sp10:0.72428,sp11:0.72815):0.07560,(((sp12:0.18738,
sp13:0.14266):0.05918,(sp14:0.17519,sp1:0.43921):0.09347):0.18156,
(((sp16:0.63214,(sp7:0.58773,sp15:0.37340):0.15391):0.01721,
sp6:0.83957):0.04149,(sp3:0.58668,((sp4:0.15628,sp5:0.25876):0.18803,
sp2:0.70110):0.02927):0.04305):0.05866):0.05188):0.17242,sp8:0.36995);
