(sp9:0.67072,(((sp12:0.22922,sp13:0.11779):0.04473,(sp1:0.30447,
sp14:0.22187):0.01625):0.19588,((((((sp3:0.51426,(sp5:0.27396,
sp4:0.13387):0.13638):0.06240,sp2:0.70315):0.06089,(sp7:0.80172,
sp15:0.50459):0.04255):0.05515,(sp16:0.52984,sp6:0.89675):0.02506):0.04573,
sp11:0.76370):0.02377,sp10:0.80313):0.01573):0.20593,sp8:0.35794);
