(sp9:0.58879,((sp11:0.77913,sp10:0.73406):0.06790,(((sp12:0.22264,
sp13:0.09639):0.10313,(sp14:0.19989,sp1:0.36873):0.07844):0.15784,
((sp16:0.59123,sp6:0.72459):0.06189,(((sp3:0.60497,(sp4:0.16302,
sp5:0.23238):0.14760):0.01556,sp2:0.85934):0.05593,(sp7:0.69494,
sp15:0.44615):0.18919):0.00256):0.07946):0.02112):0.16471,sp8:0.43014);
