(sp9:0.58124,((((((sp3:0.50653,sp2:0.83850):0.09907,(sp4:0.17954,
sp5:0.16994):0.16862):0.10904,((sp16:0.66711,(sp7:0.67942,
sp15:0.38141):0.07742):0.01752,sp6:0.87781):0.07065):0.04803,
sp11:0.79208):0.03262,sp10:0.68526):0.02587,((sp12:0.18375,
sp13:0.11070):0.05751,(sp14:0.21573,sp1:0.40634):0.04133):0.12968):0.24174,sp8:0.35456);
