(sp9:0.60857,((((((((sp3:0.55341,sp2:0.68438):0.03841,(sp5:0.24531,
sp4:0.15661):0.12885):0.12409,sp16:0.67659):0.03205,(sp7:0.66111,
sp15:0.43298):0.14311):0.03315,sp6:0.97269):0.13438,((sp12:0.18791,
sp13:0.08049):0.07705,(sp1:0.30986,sp14:0.17966):0.12002):0.27080):0.01869,
sp11:0.92760):0.01718,sp10:0.73763):0.23957,sp8:0.39899);
