(sp9:0.47786,((((sp12:0.17375,sp13:0.09893):0.08497,(sp14:0.20508,
sp1:0.36360):0.06181):0.09761,(sp11:0.77031,sp10:0.73604):0.03020):0.02139,
((sp7:0.62170,sp15:0.35712):0.19733,((((sp3:0.51959,(sp4:0.16804,
sp5:0.26421):0.12178):0.00619,sp2:0.82780):0.07109,sp6:0.82532):0.02428,
sp16:0.66429):0.01288):0.09970):0.26098,sp8:0.35573);
