(sp9:0.53747,((((sp12:0.25874,sp13:0.13352):0.04688,(sp14:0.17752,
sp1:0.37513):0.12158):0.21863,sp10:0.98604):0.01609,(sp11:0.91395,
(sp6:0.87300,((sp7:0.71757,sp15:0.44079):0.16288,(((sp3:0.56865,
sp2:0.67945):0.07074,(sp4:0.14905,sp5:0.29516):0.20010):0.04283,
sp16:0.65002):0.03381):0.03809):0.07445):0.02303):0.29105,sp8:0.48604);
