(sp9:0.69927,((((sp12:0.17111,sp13:0.11396):0.06788,(sp1:0.39475,
sp14:0.16272):0.12429):0.12126,sp11:0.88838):0.03677,(sp10:0.90217,
(sp6:0.81556,((((sp3:0.60283,(sp5:0.25447,sp4:0.15366):0.10227):0.05400,
sp2:0.74689):0.12392,sp16:0.54089):0.01787,(sp7:0.61274,
sp15:0.40253):0.20157):0.01675):0.06486):0.03313):0.26069,sp8:0.37675);
