(sp9:0.63589,((((sp3:0.56958,(sp4:0.19157,sp5:0.32853):0.13753):0.03208,
sp2:0.89793):0.12343,((sp16:0.68697,sp6:0.81207):0.03562,
(sp7:0.81683,sp15:0.48485):0.13321):0.09073):0.06163,((((sp12:0.21784,
sp13:0.11071):0.07252,(sp14:0.16896,sp1:0.41439):0.11299):0.18291,
sp11:0.74725):0.06700,sp10:0.90798):0.02875):0.18277,sp8:0.40446);
