(sp9:0.57585,(((((sp3:0.61952,sp2:0.83190):0.04889,(sp5:0.33104,
sp4:0.17753):0.15236):0.06017,(sp7:0.58950,sp15:0.37201):0.15611):0.03780,
(sp16:0.55470,sp6:0.79225):0.05053):0.08962,((((sp12:0.20389,
sp13:0.12437):0.08058,(sp1:0.45217,sp14:0.19386):0.05909):0.22740,
sp10:0.80760):0.01695,sp11:1.01119):0.01489):0.19649,sp8:0.49575);
