(sp9:0.65144,(sp11:0.75954,(((sp12:0.22951,sp13:0.09685):0.04976,
(sp14:0.18221,sp1:0.37988):0.05105):0.12288,(((((sp3:0.60513,
sp2:0.72815):0.09040,(sp4:0.12243,sp5:0.26538):0.16324):0.09263,
sp16:0.71296):0.01871,sp15:0.42444):0.01085,((sp10:0.70728,
sp7:0.69272):0.02049,sp6:0.80905):0.06245):0.04117):0.07983):0.22773,sp8:0.37035);
