(sp9:0.62984,((((((sp3:0.60101,sp2:0.87234):0.08505,(sp4:0.12494,
sp5:0.23733):0.23391):0.07783,(sp16:0.61334,(sp7:0.60601,
sp15:0.41382):0.04896):0.04558):0.01423,sp6:0.83692):0.08823,
((((sp12:0.14816,sp13:0.09935):0.04022,sp14:0.21368):0.09318,
sp1:0.47931):0.13774,sp11:0.83672):0.03421):0.01534,sp10:0.73931):0.17811,sp8:0.34117);
