(sp9:0.68531,(((((sp3:0.45905,sp2:0.80624):0.07764,(sp4:0.16090,
sp5:0.24230):0.11039):0.17728,((sp16:0.57860,sp6:0.61361):0.03143,
(sp7:0.66352,sp15:0.42850):0.07992):0.04788):0.11428,(sp10:0.88207,
sp11:0.77480):0.02784):0.01127,(((sp12:0.14208,sp13:0.08427):0.07187,
sp14:0.21170):0.05641,sp1:0.34881):0.11852):0.20969,sp8:0.30631);
