(sp9:0.64165,((((sp3:0.59358,sp2:0.81179):0.06677,(sp4:0.13472,
sp5:0.33502):0.14556):0.13448,((sp16:0.69034,(sp7:0.66508,
sp15:0.36766):0.13816):0.03441,sp6:0.78634):0.04832):0.11342,
((((sp12:0.20289,sp13:0.10521):0.07747,(sp14:0.20498,sp1:0.37171):0.07891):0.11333,
sp11:0.86037):0.04455,sp10:0.83188):0.02867):0.20741,sp8:0.39195);
