(sp9:0.66715,((((sp12:0.16839,sp13:0.10685):0.06803,(sp14:0.21079,
sp1:0.33160):0.09663):0.18924,(sp11:0.95057,sp10:0.73861):0.05826):0.02473,
(((sp3:0.56758,(sp4:0.21840,sp5:0.22444):0.13689):0.04691,
sp2:0.80764):0.06954,((sp16:0.73138,(sp7:0.71725,sp15:0.44246):0.14266):0.08798,
sp6:0.85397):0.00663):0.04926):0.20986,sp8:0.54031);
