(sp9:0.47993,(((sp12:0.16679,sp13:0.08582):0.05459,(sp14:0.18408,
sp1:0.38193):0.06087):0.09652,((sp11:0.70903,sp10:0.69672):0.02772,
(((((sp3:0.51009,sp2:0.78852):0.07446,(sp4:0.13251,sp5:0.23253):0.20599):0.11956,
sp16:0.61318):0.04398,(sp7:0.69200,sp15:0.35121):0.09760):0.00609,
sp6:0.70173):0.15094):0.05758):0.27748,sp8:0.40516);
