(sp9:0.66153,(((((sp3:0.50739,sp2:0.87064):0.15294,(sp4:0.12943,
sp5:0.30470):0.21640):0.10762,((sp16:0.67248,sp6:0.77533):0.03452,
(sp15:0.42052,sp7:0.55153):0.13949):0.06295):0.06811,(((sp12:0.17196,
sp13:0.10992):0.07926,(sp14:0.19508,sp1:0.38896):0.09392):0.10825,
sp11:1.05709):0.07016):0.01162,sp10:0.74863):0.26964,sp8:0.40938);
