(sp9:0.48123,(((((((sp3:0.43521,sp2:0.71870):0.14584,(sp5:0.29441,
sp4:0.22998):0.06723):0.07700,(sp7:0.77180,sp15:0.35992):0.08005):0.04940,
sp16:0.75049):0.03587,(sp11:0.86690,sp6:0.82593):0.08623):0.02201,
((sp12:0.16351,sp13:0.11803):0.06523,(sp1:0.40663,sp14:0.18377):0.05822):0.14482):0.01657,
sp10:0.71831):0.31161,sp8:0.37090);
