(sp9:0.65263,((sp11:0.87012,sp10:0.79759):0.07885,(((sp12:0.19016,
sp13:0.11061):0.10102,(sp14:0.23416,sp1:0.34357):0.06303):0.11743,
(sp6:0.84824,(((sp3:0.57871,sp2:0.87126):0.08144,(sp4:0.14890,
sp5:0.26811):0.18441):0.12597,(sp16:0.68144,(sp7:0.58247,
sp15:0.53728):0.13658):0.02237):0.06573):0.03492):0.03984):0.34481,sp8:0.44607);
