(sp9:0.74565,(((sp12:0.22942,sp13:0.07866):0.09005,(sp14:0.20398,
sp1:0.33836):0.09067):0.10598,((sp10:0.79266,sp11:0.96349):0.10204,
((sp7:0.65963,sp15:0.45609):0.11660,(((sp3:0.51886,(sp4:0.16475,
sp5:0.32487):0.17003):0.02093,sp2:0.76198):0.06987,(sp16:0.62916,
sp6:0.92904):0.03688):0.03305):0.07768):0.03923):0.16701,sp8:0.43336);
