(sp9:0.64804,((((sp3:0.53005,sp2:0.65797):0.04198,(sp4:0.16112,
sp5:0.25481):0.17798):0.11773,((sp16:0.69538,sp6:0.76770):0.01448,
(sp15:0.40903,sp7:0.59045):0.17765):0.05948):0.07654,((((sp12:0.18814,
sp13:0.14110):0.10618,(sp14:0.22746,sp1:0.32108):0.06408):0.18703,
sp10:0.75574):0.02772,sp11:0.88703):0.01832):0.26806,sp8:0.37205);
