(sp9:0.57517,((((sp12:0.22087,sp13:0.12393):0.08958,(sp1:0.34710,
sp14:0.20399):0.04836):0.09134,sp10:0.88750):0.05561,(sp11:0.84800,
(sp6:0.83235,(((sp3:0.54309,sp2:0.88000):0.13985,(sp5:0.28451,
sp4:0.24998):0.16656):0.08703,(sp16:0.58552,(sp7:0.67569,
sp15:0.36803):0.11300):0.03299):0.04133):0.04577):0.07902):0.24408,sp8:0.37081);
