(sp9:0.60464,(sp10:0.83835,(sp11:0.82791,(((sp12:0.22967,
sp13:0.09256):0.06024,(sp14:0.20694,sp1:0.35171):0.04839):0.15625,
((sp7:0.71382,sp15:0.42331):0.05904,(sp16:0.64119,(((sp3:0.51375,
sp2:0.66962):0.06720,(sp4:0.15552,sp5:0.27615):0.19755):0.08063,
sp6:0.77146):0.00625):0.01161):0.10020):0.03252):0.02492):0.21800,sp8:0.45779);
