(sp9:0.55840,(((((((sp3:0.61734,sp2:0.67096):0.09732,(sp4:0.15978,
sp5:0.31807):0.21037):0.08179,(sp16:0.66254,(sp7:0.54664,
sp15:0.42550):0.09521):0.02275):0.04248,sp6:0.75275):0.08291,
sp11:0.80315):0.04235,((sp12:0.18136,sp13:0.08806):0.12984,
(sp14:0.20773,sp1:0.41368):0.05011):0.15570):0.00716,sp10:0.89848):0.20888,sp8:0.44594);
