(sp9:0.60893,(sp10:0.84847,(sp11:0.72216,(((sp12:0.21376,
sp13:0.09459):0.09538,(sp1:0.35479,sp14:0.21956):0.07300):0.11901,
(sp6:0.84204,((((sp2:1.00718,sp3:0.63300):0.10247,(sp5:0.26405,
sp4:0.16829):0.20988):0.02642,sp16:0.59055):0.03120,(sp7:0.79705,
sp15:0.43658):0.03904):0.00797):0.13344):0.02316):0.09864):0.11855,sp8:0.42865);
