(sp9:0.57070,(((((sp3:0.44961,sp2:0.75988):0.08721,(sp4:0.13211,
sp5:0.29419):0.09358):0.11647,(sp7:0.60840,sp15:0.43188):0.07494):0.03351,
(sp16:0.61270,sp6:0.80803):0.00447):0.12622,((((sp12:0.16496,
sp13:0.10610):0.05149,(sp14:0.18605,sp1:0.35594):0.02923):0.18816,
sp11:0.82132):0.00993,sp10:0.72095):0.02370):0.18399,sp8:0.38315);
