(sp9:0.63000,(sp11:0.79542,((((sp12:0.20156,sp13:0.11496):0.07323,
sp14:0.24480):0.02806,sp1:0.42718):0.14894,(((((sp3:0.48175,
sp2:0.77142):0.03035,(sp5:0.31817,sp4:0.21765):0.15768):0.09690,
(sp7:0.77960,sp15:0.42853):0.11605):0.04958,(sp16:0.48375,
sp6:0.86259):0.04594):0.05558,sp10:0.74574):0.01185):0.13017):0.26179,sp8:0.38677);
