(sp9:0.58418,((((sp12:0.19164,sp13:0.12359):0.05444,(sp14:0.21916,
sp1:0.35756):0.10847):0.16902,sp10:0.76627):0.02936,(sp11:0.84104,
(((((sp3:0.42199,sp2:0.88292):0.07928,(sp4:0.16375,sp5:0.33601):0.20686):0.08662,
sp16:0.73462):0.02163,(sp15:0.52470,sp7:0.69211):0.10917):0.09499,
sp6:0.75470):0.01782):0.04011):0.26109,sp8:0.28922);
