(sp9:0.53833,(((sp12:0.13340,sp13:0.08000):0.06293,(sp1:0.29789,
sp14:0.16331):0.05458):0.13327,(sp11:0.74607,((((sp2:0.77326,
sp3:0.48570):0.07438,(sp5:0.30768,sp4:0.19481):0.14169):0.09110,
(sp16:0.67837,(sp6:0.77099,(sp7:0.55608,sp15:0.35159):0.06976):0.06423):0.04822):0.08835,
sp10:0.67362):0.01620):0.02126):0.23821,sp8:0.34532);
