(sp9:0.52037,(((((sp3:0.52701,sp2:0.89038):0.10770,(sp4:0.16042,
sp5:0.25279):0.23123):0.07833,((sp16:0.66566,(sp7:0.66359,
sp15:0.38051):0.18855):0.06607,sp6:0.85483):0.03624):0.03211,
(sp11:0.90637,sp10:0.81024):0.06999):0.02999,((sp12:0.20193,
sp13:0.12740):0.11563,(sp14:0.25291,sp1:0.35050):0.07976):0.14388):0.29607,sp8:0.39330);
