(sp9:0.70578,(((sp12:0.15677,sp13:0.12140):0.07549,(sp1:0.29094,
sp14:0.18795):0.07633):0.15401,((sp10:0.75834,sp11:0.73269):0.12958,
(sp6:0.77804,(((sp3:0.46744,sp2:0.68821):0.03703,(sp5:0.30843,
sp4:0.18564):0.10307):0.07264,(sp16:0.55508,(sp7:0.51540,
sp15:0.42261):0.08724):0.01586):0.00892):0.10464):0.01244):0.16128,sp8:0.39766);
