(sp9:0.58853,((((sp12:0.14356,sp13:0.08560):0.06670,sp14:0.22543):0.04698,
sp1:0.35183):0.11259,(sp10:0.80963,(sp11:0.74685,((((sp3:0.59682,
sp2:0.79400):0.03963,(sp4:0.17320,sp5:0.25462):0.20303):0.04589,
sp6:0.73650):0.03599,(sp16:0.62965,(sp7:0.78685,sp15:0.45849):0.10087):0.03189):0.10081):0.02051):0.02728):0.24250,sp8:0.35767);
