(sp9:0.69007,((((sp3:0.49449,((sp5:0.36016,sp4:0.17826):0.09970,
sp2:0.76230):0.02571):0.08178,((sp16:0.72620,(sp7:0.67471,
sp15:0.41062):0.08276):0.10697,sp6:0.88655):0.02523):0.09098,
(sp10:0.70805,sp11:0.79898):0.03932):0.03773,((sp12:0.20332,
sp13:0.09635):0.03827,(sp1:0.30064,sp14:0.14442):0.05579):0.18105):0.20538,sp8:0.46805);
