(sp9:0.47980,(((sp12:0.16306,sp13:0.06871):0.15090,(sp14:0.21300,
sp1:0.32517):0.05449):0.16955,(((((sp3:0.57758,sp2:0.70624):0.10565,
(sp4:0.15583,sp5:0.25295):0.25544):0.04302,((sp16:0.57565,
sp6:0.92279):0.10083,(sp7:0.69429,sp15:0.47844):0.08883):0.05960):0.05879,
sp11:0.74215):0.03678,sp10:0.91519):0.00449):0.20511,sp8:0.40358);
