(sp9:0.50986,(sp10:0.67554,(sp11:0.78214,(((sp12:0.16387,
sp13:0.09697):0.05657,(sp14:0.19132,sp1:0.36590):0.05646):0.12034,
(sp16:0.71051,(((sp3:0.44576,sp2:0.72355):0.10657,(sp4:0.14589,
sp5:0.22151):0.20837):0.07242,(sp6:0.90123,(sp7:0.65885,
sp15:0.42642):0.12098):0.02882):0.00682):0.07721):0.05535):0.00759):0.22868,sp8:0.38923);
