(sp9:0.62725,((((sp12:0.19210,sp13:0.07785):0.10676,(sp14:0.18424,
sp1:0.35793):0.09326):0.12246,(sp11:0.78294,sp10:0.72724):0.03479):0.04795,
(((sp3:0.67695,(sp4:0.18289,sp5:0.26950):0.13629):0.05904,
sp2:0.88638):0.07869,(sp16:0.57314,(sp6:0.85161,(sp7:0.67970,
sp15:0.43751):0.12711):0.00084):0.06391):0.03586):0.29424,sp8:0.45599);
