(sp9:0.44199,(((((sp3:0.52118,(sp5:0.29899,sp4:0.16659):0.09740):0.03442,
sp2:0.78718):0.11288,((sp16:0.59697,(sp15:0.35819,sp7:0.67782):0.13003):0.03486,
sp6:0.96314):0.03161):0.10197,sp11:0.88171):0.01501,(((sp12:0.18187,
sp13:0.10296):0.07288,(sp1:0.44294,sp14:0.20079):0.03605):0.15485,
sp10:0.69619):0.04193):0.17965,sp8:0.39700);
