(sp9:0.68455,((sp11:0.92858,sp10:0.66593):0.03596,((((((sp3:0.55761,
sp2:0.84420):0.05097,(sp4:0.15933,sp5:0.23160):0.13008):0.09329,
sp6:0.78049):0.03261,(sp7:0.81967,sp15:0.53524):0.05261):0.06012,
((sp12:0.19819,sp13:0.06414):0.09786,(sp14:0.18342,sp1:0.48487):0.08788):0.20247):0.01755,
sp16:0.55344):0.04338):0.24027,sp8:0.33376);
