(sp9:0.50987,(((((sp3:0.54928,(sp5:0.23984,sp4:0.14671):0.14746):0.06949,
((sp2:0.73827,sp6:0.96854):0.10108,(sp7:0.60492,sp15:0.38030):0.13385):0.04025):0.06017,
sp16:0.63772):0.04899,sp11:0.90439):0.01786,(((sp12:0.16784,
sp13:0.11605):0.04651,(sp1:0.37993,sp14:0.21897):0.14591):0.15034,
sp10:0.78034):0.03745):0.27283,sp8:0.41381);
