(sp9:0.66267,(((sp12:0.22689,sp13:0.09761):0.05193,(sp14:0.16680,
sp1:0.33162):0.10733):0.15134,(sp10:0.71931,((((sp3:0.66491,
sp2:0.84412):0.08975,(sp4:0.17940,sp5:0.29074):0.14210):0.09764,
((sp16:0.61781,sp6:0.77129):0.08805,(sp7:0.59768,sp15:0.36831):0.11200):0.05238):0.03982,
sp11:0.74471):0.02814):0.03928):0.19345,sp8:0.42756);
