(sp9:0.61732,(sp10:0.73070,((((sp12:0.18435,sp13:0.11655):0.05120,
sp14:0.17999):0.01114,sp1:0.36533):0.19192,(sp11:0.82996,
(((sp3:0.52372,(sp5:0.33648,sp4:0.11465):0.17393):0.10396,
sp2:0.87705):0.04140,(((sp16:0.51723,sp15:0.39515):0.06877,
sp7:0.79618):0.03562,sp6:0.70337):0.01986):0.06825):0.01770):0.02124):0.20600,sp8:0.40586);
