(sp9:0.62199,((((((sp3:0.47896,sp2:0.67275):0.13811,(sp5:0.23558,
sp4:0.19744):0.14217):0.06093,((sp16:0.60764,sp7:0.68325):0.04306,
sp15:0.40086):0.03107):0.04145,sp6:0.74031):0.02690,((sp12:0.17734,
sp13:0.08943):0.05920,(sp1:0.25682,sp14:0.18266):0.07609):0.21742):0.02669,
(sp11:0.83403,sp10:0.58040):0.08685):0.26033,sp8:0.38868);
