(sp9:0.63004,((((sp12:0.19548,sp13:0.08632):0.06357,(sp14:0.17720,
sp1:0.42095):0.13654):0.10612,sp10:0.82546):0.05246,(((((sp3:0.49290,
sp2:0.71521):0.13352,(sp4:0.17189,sp5:0.28347):0.16388):0.12309,
(sp6:0.89707,(sp7:0.66071,sp15:0.52701):0.12497):0.04442):0.00924,
sp16:0.70142):0.09345,sp11:0.75176):0.01062):0.18833,sp8:0.38945);
