(sp9:0.61030,((sp11:0.80830,sp10:0.69149):0.03562,(((sp12:0.17300,
sp13:0.09536):0.06677,(sp14:0.15551,sp1:0.34216):0.12419):0.16030,
(sp6:0.65231,((((sp3:0.43223,sp2:0.77680):0.20020,(sp4:0.15618,
sp5:0.26924):0.11797):0.10159,sp16:0.49691):0.00876,(sp7:0.66996,
sp15:0.36270):0.13581):0.03484):0.12860):0.03156):0.21075,sp8:0.34301);
