(sp9:0.48919,(sp11:0.79117,(sp10:0.73534,((((sp12:0.17208,
sp13:0.07850):0.07270,sp14:0.17091):0.03575,sp1:0.35626):0.12893,
(sp7:0.61354,((sp6:0.72887,sp15:0.44349):0.03080,((sp4:0.09251,
sp5:0.24279):0.24164,((sp3:0.54651,sp2:0.72947):0.11693,
sp16:0.62806):0.00431):0.02138):0.04054):0.12117):0.01271):0.02154):0.15340,sp8:0.35732);
