(sp9:0.66882,((((sp12:0.16004,sp13:0.11336):0.05604,(sp1:0.30671,
sp14:0.16464):0.12510):0.16615,sp10:0.72897):0.03962,(((sp3:0.43469,
sp2:0.72508):0.09275,(sp5:0.31789,sp4:0.16285):0.17661):0.08578,
(((sp11:0.71553,(sp6:0.73496,sp7:0.68372):0.03372):0.05513,
sp16:0.61261):0.03245,sp15:0.51873):0.02065):0.03736):0.17266,sp8:0.41536);
