(sp9:0.60738,(((sp12:0.20702,sp13:0.13425):0.03979,(sp14:0.16131,
sp1:0.40156):0.10064):0.15610,((sp11:0.90791,sp10:0.86737):0.03155,
(sp16:0.68157,(((sp3:0.54298,sp2:0.86663):0.14260,(sp4:0.17223,
sp5:0.27443):0.13940):0.06504,(sp6:0.82286,(sp7:0.71042,
sp15:0.49514):0.02640):0.02278):0.04172):0.09998):0.06190):0.30162,sp8:0.34810);
