(sp9:0.60959,(((((sp3:0.62918,sp2:0.86508):0.07069,(sp4:0.15245,
sp5:0.24508):0.15660):0.08770,(sp7:0.62356,sp15:0.45453):0.06336):0.06325,
(sp16:0.79835,sp6:0.76781):0.05460):0.11102,(((((sp12:0.20394,
sp13:0.09006):0.05626,sp14:0.21562):0.05061,sp1:0.40269):0.08529,
sp10:0.75859):0.03727,sp11:1.01720):0.01293):0.14510,sp8:0.41833);
