(sp9:0.60912,((((sp12:0.18289,sp13:0.10885):0.02609,sp14:0.17120):0.04990,
sp1:0.34621):0.08274,(sp11:0.73250,(sp10:0.85774,((((sp3:0.53501,
sp2:0.67967):0.15236,(sp4:0.14257,sp5:0.33926):0.16688):0.08541,
(sp16:0.61944,sp6:0.75661):0.04947):0.02165,(sp7:0.65993,
sp15:0.38172):0.11080):0.06957):0.03795):0.05015):0.08809,sp8:0.32709);
