(sp9:0.53021,(((sp12:0.14686,sp13:0.09214):0.08690,(sp1:0.36463,
sp14:0.24309):0.05923):0.19538,((sp10:0.74146,sp11:0.85415):0.04025,
(sp6:0.78099,((((sp3:0.50389,sp2:0.78717):0.09587,(sp5:0.21052,
sp4:0.16619):0.11577):0.08986,(sp15:0.47581,sp7:0.64955):0.10521):0.07383,
sp16:0.71708):0.01013):0.01457):0.05398):0.24916,sp8:0.37672);
