(sp9:0.55215,(sp10:0.82618,(((sp12:0.20044,sp13:0.06520):0.06729,
(sp14:0.16609,sp1:0.41541):0.05008):0.09804,((((((sp3:0.46805,
sp2:0.70152):0.05289,(sp4:0.10472,sp5:0.23634):0.12524):0.13490,
sp16:0.61797):0.03122,(sp7:0.71698,sp15:0.43536):0.08133):0.01744,
sp6:0.84536):0.06999,sp11:0.81750):0.01158):0.03250):0.15212,sp8:0.36236);
