(sp9:0.54296,(((sp12:0.21988,sp13:0.12090):0.04719,(sp1:0.42531,
sp14:0.23195):0.04314):0.16807,(((((sp3:0.55599,(sp5:0.26163,
sp4:0.13843):0.15186):0.08554,sp2:0.83425):0.04172,(sp16:0.63831,
(sp7:0.70365,sp15:0.46581):0.08884):0.06002):0.03347,(sp11:0.82801,
sp6:0.94876):0.06232):0.02390,sp10:0.90553):0.06160):0.09620,sp8:0.43401);
