(sp9:0.44513,(sp10:0.62729,(sp11:0.77391,(((((sp3:0.50320,
sp2:0.63970):0.09132,(sp4:0.12036,sp5:0.21002):0.26609):0.05958,
sp6:0.88617):0.03664,(sp16:0.65667,(sp7:0.65394,sp15:0.38330):0.11194):0.05012):0.03272,
(((sp12:0.17856,sp13:0.12167):0.01400,sp14:0.19009):0.05047,
sp1:0.37408):0.18947):0.03673):0.08648):0.20462,sp8:0.36532);
