(sp9:0.62307,(sp11:0.79125,(sp10:0.69056,((sp6:0.90762,(sp7:0.66834,
sp15:0.41374):0.13953):0.03276,(((sp12:0.15962,sp13:0.12055):0.07396,
(sp14:0.18093,sp1:0.28761):0.04106):0.21774,(((sp3:0.62320,
sp2:0.67338):0.06674,(sp4:0.18600,sp5:0.25821):0.10551):0.12926,
sp16:0.58570):0.02242):0.03926):0.05215):0.04044):0.27624,sp8:0.38932);
