(sp9:0.53237,(((((sp3:0.47550,sp2:0.70752):0.10618,(sp4:0.16464,
sp5:0.28793):0.17981):0.06875,((sp16:0.62266,(sp7:0.66659,
sp15:0.38140):0.09591):0.05298,sp6:0.76907):0.04213):0.08276,
sp10:0.71465):0.01886,(((sp12:0.21200,sp13:0.08687):0.06200,
(sp14:0.12992,sp1:0.36182):0.09728):0.11439,sp11:0.65745):0.01961):0.20497,sp8:0.33156);
