(sp9:0.58948,((((sp12:0.21270,sp13:0.11572):0.10012,(sp14:0.24321,
sp1:0.35718):0.03673):0.14802,sp10:0.63620):0.04544,((((((sp3:0.55094,
sp2:0.79918):0.05177,(sp4:0.15543,sp5:0.26868):0.17633):0.14483,
(sp7:0.89200,sp15:0.42775):0.05770):0.04790,sp16:0.58898):0.04478,
sp6:1.00071):0.06511,sp11:0.76593):0.01076):0.27204,sp8:0.44577);
