(sp9:0.53909,(((((sp12:0.15550,sp13:0.11962):0.04918,sp14:0.23916):0.02709,
sp1:0.37848):0.12748,sp11:0.68523):0.05264,(((((sp3:0.49987,
sp2:0.84686):0.09665,(sp5:0.30952,sp4:0.19443):0.12426):0.08479,
(sp6:0.80091,(sp7:0.55037,sp15:0.39608):0.12879):0.07759):0.02084,
sp16:0.71365):0.07692,sp10:0.68692):0.01866):0.28953,sp8:0.41804);
