(sp9:0.53216,(((sp12:0.15398,sp13:0.10245):0.04752,(sp14:0.20783,
sp1:0.34349):0.05209):0.20505,((((((sp3:0.51051,(sp4:0.18063,
sp5:0.30678):0.21148):0.04576,sp2:0.71258):0.05255,sp16:0.60594):0.01875,
(sp7:0.72972,sp15:0.34004):0.13848):0.07759,(sp11:0.86539,
sp6:0.70866):0.03097):0.02503,sp10:0.65587):0.04731):0.25197,sp8:0.39665);
