(sp9:0.49260,((((((sp3:0.49993,sp2:0.88991):0.06967,(sp4:0.17793,
sp5:0.33015):0.16843):0.08735,(sp16:0.60055,(sp15:0.43184,
sp7:0.71698):0.07143):0.03296):0.00849,sp6:0.80669):0.10204,
sp10:0.58267):0.01766,(((sp12:0.23591,sp13:0.11626):0.07898,
(sp14:0.25027,sp1:0.35155):0.04008):0.12853,sp11:0.79657):0.01625):0.19769,sp8:0.44558);
