(sp9:0.56945,(sp10:0.74743,(sp11:0.83718,(((sp12:0.18423,
sp13:0.08955):0.07409,(sp14:0.21729,sp1:0.34330):0.04065):0.19053,
((((sp3:0.49286,sp2:0.68167):0.12380,(sp4:0.13774,sp5:0.22525):0.17919):0.09139,
sp15:0.43704):0.01570,((sp16:0.61845,sp6:0.81788):0.05034,
sp7:0.82324):0.04865):0.04952):0.05018):0.07239):0.15660,sp8:0.38251);
