(sp9:0.48013,((((sp12:0.22295,sp13:0.13478):0.03641,sp14:0.25410):0.05521,
sp1:0.32372):0.14787,(sp11:0.86240,(sp10:0.86078,((((sp3:0.51994,
sp2:0.91978):0.11638,(sp4:0.17362,sp5:0.33065):0.19968):0.07424,
sp6:0.99128):0.02879,(sp16:0.71931,(sp7:0.84964,sp15:0.36834):0.06310):0.06356):0.01978):0.04947):0.02126):0.29902,sp8:0.35698);
