(sp9:0.59004,(sp11:0.73630,(sp10:0.68339,(((sp12:0.18722,
sp13:0.07562):0.08325,(sp14:0.18658,sp1:0.36695):0.04087):0.18537,
(sp16:0.74757,(((sp3:0.51954,sp2:0.74052):0.07908,(sp4:0.14801,
sp5:0.17686):0.20211):0.06262,(sp6:0.78995,(sp7:0.57386,
sp15:0.36404):0.12640):0.04541):0.01217):0.08530):0.03714):0.07285):0.13629,sp8:0.40968);
