(sp16:0.86115,((((sp2:0.84538,sp3:0.57835):0.21867,(sp4:0.22771,
sp5:0.42432):0.21416):0.14874,((sp11:0.94863,(sp9:0.66696,
sp8:0.50474):0.30986):0.02186,(sp10:0.82919,((sp1:0.50410,
sp14:0.28315):0.08881,(sp12:0.23520,sp13:0.15962):0.10897):0.16657):0.06409):0.07826):0.01737,
(sp7:0.81457,sp15:0.51208):0.15110):0.00624,sp6:1.09232);
