((((((sp10:0.96453,(sp9:0.69535,sp8:0.41219):0.23855):0.03073,
sp11:0.93601):0.02974,((sp1:0.43556,sp14:0.27067):0.06910,
(sp13:0.10958,sp12:0.28529):0.08970):0.20730):0.12720,((sp2:0.90371,
sp3:0.61905):0.03322,(sp4:0.23317,sp5:0.38954):0.24114):0.17794):0.06454,
sp16:0.83145):0.01901,(sp15:0.62837,sp7:0.59796):0.13195,sp6:0.98521);
