(((sp15:0.55787,sp7:0.82155):0.19643,sp16:0.68458):0.08478,
(((sp11:1.03222,((sp9:0.74404,sp8:0.46797):0.36160,((sp1:0.46195,
sp14:0.27227):0.06241,(sp13:0.16888,sp12:0.27682):0.10012):0.11242):0.05197):0.02659,
sp10:0.86399):0.13172,(sp2:1.02436,(sp3:0.81058,(sp5:0.38211,
sp4:0.21194):0.23554):0.08359):0.05143):0.05335,sp6:1.01721);
