((sp9:0.71588,sp8:0.54098):0.19872,((sp10:1.11886,((sp1:0.44652,
sp14:0.34008):0.06070,(sp13:0.14069,sp12:0.27491):0.13130):0.16398):0.05959,
(sp16:0.78540,(((sp2:0.97346,sp3:0.68344):0.06783,(sp5:0.27426,
sp4:0.15779):0.21941):0.10470,(sp6:0.87960,(sp15:0.49551,
sp7:0.70747):0.18967):0.03004):0.03439):0.10305):0.06201,sp11:1.09912);
