(sp10:0.86615,((sp1:0.70304,((sp14:0.33250,sp13:0.16376):0.03992,
sp12:0.26865):0.04477):0.28395,((sp9:0.89935,sp8:0.56066):0.17710,
(sp3:0.73927,((sp5:0.31726,sp4:0.16288):0.24443,((sp6:0.89345,
sp16:0.75037):0.10422,((sp2:0.87658,sp7:0.86229):0.07855,
sp15:0.57022):0.01631):0.01805):0.05108):0.04782):0.01861):0.11486,sp11:0.98084);
