(sp16:0.84742,((((sp11:1.10251,(sp8:0.37936,sp9:0.69505):0.28654):0.04993,
sp10:0.98395):0.03870,((sp1:0.44294,sp14:0.27830):0.10824,
(sp13:0.10026,sp12:0.26175):0.06956):0.24096):0.00524,((sp7:0.88191,
sp15:0.45675):0.20263,(sp2:0.97175,(sp3:0.70975,(sp4:0.24582,
sp5:0.40595):0.12798):0.03077):0.15754):0.01232):0.08681,sp6:1.29217);
