(sp3:0.74687,((sp4:0.23994,sp5:0.26107):0.27705,((sp7:0.89501,
sp15:0.59687):0.13548,((sp6:0.92151,sp16:0.81400):0.03074,
((sp11:0.98926,((sp1:0.44263,sp14:0.24027):0.06452,(sp12:0.21988,
sp13:0.15480):0.09111):0.10520):0.02657,((sp9:0.81829,sp8:0.61239):0.22653,
sp10:0.88661):0.02133):0.13728):0.01930):0.09228):0.06387,sp2:0.88129);
