((sp9:0.70369,sp8:0.65768):0.17288,(sp6:1.15437,(((sp2:0.90025,
sp3:0.70164):0.06011,(sp4:0.24962,sp5:0.29171):0.20205):0.15972,
(((sp7:0.94344,sp15:0.51539):0.17499,(sp10:1.02232,((sp1:0.46096,
sp14:0.19969):0.17357,(sp13:0.13593,sp12:0.21228):0.06312):0.22286):0.04063):0.00457,
sp16:0.68104):0.01674):0.05242):0.08658,sp11:0.92832);
