((((((sp11:1.09694,(sp9:0.76122,sp8:0.44329):0.31705):0.03145,
sp10:0.96342):0.03877,((sp1:0.49321,sp14:0.29401):0.06236,
(sp13:0.14385,sp12:0.24264):0.09256):0.21026):0.06047,((sp2:0.92193,
sp3:0.76316):0.09501,(sp4:0.20493,sp5:0.31583):0.30481):0.05766):0.08008,
sp16:0.78874):0.00646,(sp7:0.80750,sp15:0.42806):0.14810,sp6:1.06759);
