(sp10:0.92722,((sp9:0.80808,sp8:0.51265):0.36841,(((sp1:0.42618,
sp14:0.29478):0.04152,(sp13:0.13101,sp12:0.19357):0.11578):0.10458,
(sp6:1.04247,((((sp2:1.09315,sp3:0.74023):0.06141,(sp5:0.36016,
sp4:0.19635):0.20913):0.11041,sp16:0.79211):0.02612,(sp7:0.77185,
sp15:0.65742):0.14950):0.04099):0.08172):0.05142):0.08743,sp11:1.06499);
