((sp11:0.94939,(((((sp2:0.87427,sp3:0.77561):0.09208,(sp5:0.36132,
sp4:0.23579):0.23932):0.09058,(sp7:0.68138,sp15:0.56756):0.06856):0.01929,
sp16:0.80142):0.04232,sp6:0.81626):0.07653):0.02552,((sp9:0.76022,
sp8:0.63901):0.25343,(sp1:0.57797,(sp14:0.28023,(sp12:0.24910,
sp13:0.13868):0.13004):0.05116):0.21844):0.02013,sp10:1.02497);
