(sp10:1.04988,(((sp2:1.09824,sp3:0.58914):0.10902,(sp5:0.37999,
sp4:0.16406):0.28894):0.13022,((sp11:0.93479,((sp7:0.88535,
sp15:0.55245):0.05505,sp16:0.76018):0.06871):0.03086,((sp9:0.76951,
sp8:0.55606):0.16365,((sp1:0.46976,sp14:0.28081):0.14709,
(sp13:0.20013,sp12:0.26155):0.10614):0.23581):0.02042):0.02415):0.06040,sp6:1.05643);
