((((sp10:0.85131,((sp1:0.46529,sp14:0.20045):0.07735,(sp12:0.21367,
sp13:0.16405):0.04523):0.20290):0.01421,(sp11:0.96300,(sp9:0.73826,
sp8:0.55687):0.14008):0.04900):0.12487,((sp2:0.97461,sp3:0.61979):0.09903,
(sp4:0.18306,sp5:0.31969):0.14698):0.13972):0.05551,((sp7:0.81058,
sp15:0.57637):0.07840,sp16:0.70810):0.01370,sp6:1.05128);
