(sp3:0.73781,((sp4:0.21663,sp5:0.34697):0.24744,((sp6:1.02759,
sp16:0.68702):0.02931,((((sp10:0.99230,(sp9:0.73479,sp8:0.54708):0.14831):0.10238,
sp11:0.83694):0.02015,((sp1:0.47952,sp14:0.27467):0.07749,
(sp12:0.24685,sp13:0.10486):0.11156):0.14979):0.12538,(sp7:0.96966,
sp15:0.52621):0.08277):0.01266):0.07532):0.11109,sp2:1.15666);
