(sp3:0.79294,((sp4:0.20941,sp5:0.34763):0.19041,((((sp7:0.82759,
sp16:0.73370):0.04676,sp15:0.50880):0.04492,sp6:0.89306):0.04661,
((sp11:1.07534,((sp1:0.42846,sp14:0.24629):0.09785,(sp12:0.22203,
sp13:0.15044):0.07054):0.20490):0.00403,(sp10:0.89925,(sp9:0.71762,
sp8:0.44738):0.15394):0.00264):0.10909):0.07927):0.11253,sp2:0.97441);
