(sp3:0.62557,((sp5:0.34484,sp4:0.19090):0.23651,(((sp16:0.68670,
sp6:0.93771):0.03872,(sp7:0.75357,sp15:0.55910):0.16077):0.06898,
((sp11:1.08356,((sp1:0.49528,sp14:0.28101):0.08215,(sp12:0.28455,
sp13:0.12038):0.13229):0.17131):0.03010,((sp9:0.68687,sp8:0.63475):0.28824,
sp10:1.03082):0.00412):0.06189):0.12618):0.05876,sp2:1.11729);
