(sp3:0.81841,((sp4:0.26356,sp5:0.33330):0.21376,(((((sp10:0.97008,
sp11:0.91422):0.07622,((sp1:0.54447,sp14:0.25331):0.07429,
(sp12:0.26391,sp13:0.11342):0.11361):0.27126):0.01517,(sp9:0.70432,
sp8:0.44625):0.32322):0.09661,sp6:1.04929):0.03606,((sp7:0.84118,
sp15:0.54825):0.13770,sp16:0.81869):0.03186):0.04298):0.15697,sp2:1.05169);
