(sp10:0.92241,(((sp1:0.49230,sp14:0.25059):0.12405,(sp12:0.23902,
sp13:0.14611):0.10493):0.17689,((sp8:0.52451,sp9:0.59838):0.24433,
(sp6:0.93717,((((sp2:0.91683,sp3:0.57197):0.05028,(sp5:0.32531,
sp4:0.25294):0.17294):0.12793,sp16:0.80046):0.02429,(sp7:0.86684,
sp15:0.59303):0.17649):0.02869):0.05619):0.05720):0.03782,sp11:1.02980);
