(sp3:0.80315,((sp5:0.30517,sp4:0.24229):0.17818,(((sp6:0.90350,
sp16:0.76311):0.10282,(sp7:0.65876,sp15:0.43551):0.14018):0.03919,
(sp11:0.89771,(((sp9:0.81804,sp8:0.61242):0.16843,((sp1:0.43993,
sp14:0.26469):0.11639,(sp12:0.25608,sp13:0.14548):0.07445):0.18573):0.03909,
sp10:0.93687):0.06096):0.05065):0.08586):0.08208,sp2:1.07802);
