(sp3:0.57992,((sp4:0.15653,sp5:0.29841):0.18434,((((sp11:1.03952,
(sp10:0.97369,((sp9:0.72802,sp8:0.49932):0.25943,((sp1:0.51359,
sp14:0.30705):0.06432,(sp12:0.24190,sp13:0.13289):0.09195):0.18941):0.01069):0.07072):0.06297,
sp6:0.85271):0.03516,sp16:0.73312):0.00634,(sp7:0.79208,
sp15:0.44516):0.14481):0.09792):0.20329,sp2:0.80654);
