(sp10:0.72140,((sp9:0.77949,sp8:0.58490):0.26507,(((sp1:0.32694,
sp14:0.28733):0.07603,(sp13:0.15694,sp12:0.23947):0.06934):0.25894,
(sp6:0.94785,(((sp2:0.83008,sp3:0.64839):0.10983,(sp4:0.27003,
sp5:0.33000):0.21638):0.08094,(sp16:0.81474,(sp7:0.84965,
sp15:0.47888):0.08855):0.03468):0.05964):0.01376):0.03562):0.10993,sp11:1.04140);
