((sp10:0.99667,(sp1:0.52801,(sp14:0.24361,(sp12:0.20753,
sp13:0.13723):0.08825):0.04064):0.23216):0.04093,((sp9:0.70247,
sp8:0.46166):0.31575,(((sp2:1.01119,sp3:0.75231):0.03508,
(sp4:0.17720,sp5:0.39497):0.21934):0.07083,((sp6:1.01305,
sp16:0.75165):0.10313,(sp7:0.72460,sp15:0.49053):0.13618):0.03030):0.06043):0.03109,sp11:1.22044);
