(sp8:0.64252,(sp16:0.77456,(((sp11:0.91980,(sp7:0.88095,
sp6:0.89118):0.05820):0.05667,sp10:0.82666):0.05094,((((sp2:0.86426,
sp3:0.52597):0.09699,(sp4:0.19864,sp5:0.35119):0.24332):0.10973,
sp15:0.73991):0.02796,((sp1:0.38239,sp14:0.25049):0.14724,
(sp13:0.16551,sp12:0.23825):0.08013):0.25688):0.01714):0.03439):0.12854,sp9:0.96066);
