(sp7:0.93848,(((sp11:1.01224,(((sp9:0.69446,sp8:0.61813):0.32477,
((sp1:0.39152,sp14:0.21172):0.10648,(sp13:0.13988,sp12:0.21334):0.07419):0.18344):0.04807,
sp10:0.85715):0.03120):0.06502,sp16:0.79707):0.02645,(((sp2:0.99550,
sp3:0.70085):0.02710,(sp4:0.20547,sp5:0.27164):0.21137):0.10387,
sp15:0.58029):0.05192):0.07614,sp6:0.96217);
