(sp3:0.70857,((sp4:0.25749,sp5:0.39765):0.19010,((((sp10:0.88488,
sp11:0.88150):0.11278,((sp1:0.48196,sp14:0.26699):0.10151,
(sp12:0.19227,sp13:0.12414):0.08877):0.18599):0.04835,(sp8:0.40992,
sp9:0.69001):0.28498):0.07325,(sp6:1.01683,((sp7:0.88581,
sp15:0.59479):0.07109,sp16:0.75158):0.01296):0.11577):0.09482):0.10910,sp2:1.04938);
