((sp9:0.30505,(sp12:0.09001,((sp13:0.01737,sp14:0.06122):0.04241,
sp1:0.15582):0.02916):0.03918):0.02572,(sp10:0.40860,(sp11:0.47276,
(sp15:0.16394,(sp7:0.33657,(sp16:0.32028,(((sp3:0.28281,
sp2:0.62704):0.06708,(sp4:0.19476,sp5:0.09395):0.02397):0.00717,
sp6:0.41183):0.04852):0.01459):0.03141):0.03914):0.07360):0.02118,sp8:0.12683);
