((sp9:0.24982,(sp12:0.07465,(sp13:0.03114,(sp14:0.04563,
sp1:0.11163):0.00629):0.02196):0.00876):0.02673,(sp10:0.44304,
(sp11:0.39117,(((((sp4:0.17826,sp5:0.15269):0.02841,((sp2:0.72799,
sp3:0.26278):0.02952,sp6:0.41278):0.02939):0.03994,sp16:0.27357):0.03008,
sp7:0.26738):0.01600,sp15:0.16301):0.03912):0.08385):0.06418,sp8:0.12343);
