((sp12:0.10222,((sp13:0.02096,sp14:0.01621):0.02359,sp1:0.17637):0.01802):0.00466,
(sp9:0.25733,(sp10:0.39067,(((((((sp3:0.24669,sp2:0.54348):0.07453,
sp6:0.33624):0.02864,(sp4:0.17196,sp5:0.12323):0.04028):0.02024,
sp7:0.34398):0.01267,sp16:0.32494):0.02682,sp11:0.42446):0.00977,
sp15:0.15261):0.06565):0.08520):0.01251,sp8:0.17196);
