((sp12:0.07090,(sp1:0.16306,(sp14:0.02480,sp13:0.02817):0.02776):0.01774):0.03502,
(sp9:0.25257,(sp10:0.46123,(sp11:0.51378,(((((sp3:0.25958,
sp2:0.84446):0.10910,(sp5:0.17318,sp4:0.20234):0.03306):0.01198,
sp6:0.45581):0.04227,(sp16:0.34901,sp7:0.39074):0.02084):0.01868,
sp15:0.22297):0.02377):0.07796):0.07232):0.00813,sp8:0.14531);
