((sp12:0.12031,(sp1:0.19803,(sp14:0.04159,sp13:0.02558):0.02316):0.03537):0.03216,
(sp9:0.28194,(sp10:0.41285,(sp11:0.46470,((((((sp3:0.25117,
sp2:0.84086):0.02929,(sp5:0.16592,sp4:0.20181):0.04483):0.00370,
sp6:0.53356):0.03863,sp16:0.35003):0.03859,sp7:0.36256):0.02083,
sp15:0.15629):0.00641):0.11772):0.03443):0.01029,sp8:0.16284);
