((sp12:0.09834,(sp1:0.16387,(sp14:0.06238,sp13:0.01903):0.03965):0.02084):0.01770,
(sp9:0.26366,(sp10:0.34341,(sp11:0.42358,((((((sp3:0.24189,
sp2:0.69371):0.04026,(sp5:0.11907,sp4:0.17934):0.02969):0.03995,
sp16:0.31029):0.02152,sp6:0.45792):0.02053,sp7:0.35223):0.01725,
sp15:0.15882):0.01906):0.10606):0.05783):0.00410,sp8:0.11988);
