(((((((sp3:0.31463,(sp4:0.16825,sp5:0.14428):0.01959):0.02663,
(sp2:0.78527,sp6:0.35801):0.04413):0.04792,(sp16:0.23730,
sp7:0.30180):0.01079):0.04603,sp15:0.14841):0.01098,sp11:0.39443):0.05586,
sp10:0.38109):0.03778,(sp9:0.27731,(sp12:0.09777,((sp13:0.02109,
sp14:0.02701):0.01753,sp1:0.18948):0.01315):0.02637):0.00614,sp8:0.13106);
