(((sp11:0.39139,(((sp16:0.29022,((((sp2:0.66516,sp3:0.30159):0.04319,
sp5:0.15802):0.01295,sp4:0.26845):0.02968,sp6:0.48995):0.04706):0.04791,
sp7:0.38431):0.01961,sp15:0.18930):0.02658):0.06558,sp10:0.43673):0.05165,
(sp9:0.28228,(sp12:0.09827,((sp13:0.02852,sp14:0.07552):0.01053,
sp1:0.15361):0.04008):0.02806):0.00844,sp8:0.13598);
