((((sp11:0.41706,((((sp4:0.24933,sp5:0.13297):0.02529,((sp2:0.62695,
sp3:0.22939):0.08349,sp6:0.44378):0.03891):0.06758,sp16:0.29789):0.04616,
sp7:0.30617):0.02781):0.01619,sp15:0.17208):0.06802,sp10:0.34914):0.04770,
((sp9:0.27258,sp12:0.08278):0.00818,((sp13:0.01949,sp14:0.04416):0.00903,
sp1:0.14909):0.05721):0.02251,sp8:0.14029);
