(((sp9:0.28144,sp12:0.11233):0.01185,(sp1:0.21333,(sp14:0.04714,
sp13:0.04324):0.03607):0.04430):0.02035,(sp10:0.38532,(sp11:0.53333,
(sp15:0.19798,((((sp2:0.71534,sp3:0.29548):0.07207,(sp5:0.11778,
sp4:0.20990):0.03486):0.01600,sp6:0.40765):0.05010,(sp16:0.29209,
sp7:0.37623):0.00629):0.04736):0.02388):0.10255):0.04163,sp8:0.21445);
