((sp12:0.09819,(sp1:0.16112,(sp14:0.06643,sp13:0.04407):0.01033):0.03548):0.01849,
(sp9:0.31113,(sp10:0.38961,(sp11:0.37996,((((sp3:0.24023,
sp2:0.66598):0.07890,(sp5:0.18087,sp4:0.24400):0.01770):0.01205,
sp6:0.43847):0.01916,((sp16:0.29681,sp15:0.22208):0.00953,
sp7:0.40274):0.00901):0.03896):0.11416):0.03376):0.01924,sp8:0.14197);
