((sp9:0.25702,(sp12:0.09116,((sp13:0.03265,sp14:0.04445):0.01848,
sp1:0.15878):0.03871):0.02810):0.01943,(sp10:0.33128,((sp11:0.45186,
sp15:0.16422):0.01228,((sp16:0.28738,sp7:0.36072):0.02652,
((sp2:0.65107,sp6:0.40862):0.05305,(sp3:0.26805,(sp4:0.20105,
sp5:0.16625):0.00337):0.02452):0.05201):0.05294):0.10107):0.03965,sp8:0.17470);
