((sp9:0.24697,(sp12:0.10240,((sp13:0.03007,sp14:0.03646):0.01516,
sp1:0.11017):0.04243):0.02735):0.02303,(sp10:0.30265,((sp11:0.42436,
sp15:0.14079):0.02899,(((((sp4:0.18664,sp5:0.14465):0.03403,
sp3:0.27241):0.01785,(sp2:0.65841,sp6:0.42755):0.07006):0.02861,
sp16:0.36703):0.01520,sp7:0.29983):0.06601):0.13454):0.03415,sp8:0.15967);
