((sp9:0.29040,((sp12:0.12480,(sp14:0.07105,sp13:0.03243):0.02365):0.00741,
sp1:0.18122):0.03501):0.02429,(sp10:0.41781,(((((sp3:0.22486,
(sp5:0.11250,sp4:0.15963):0.02298):0.04861,(sp2:0.64191,
sp6:0.42374):0.03321):0.02346,(sp16:0.36683,sp7:0.27270):0.04936):0.03777,
sp15:0.21132):0.00363,sp11:0.41175):0.06881):0.05958,sp8:0.14998);
