(sp9:0.26858,((sp12:0.10445,((sp13:0.02143,sp14:0.05367):0.03037,
sp1:0.15947):0.03132):0.04407,(sp10:0.37724,(sp11:0.48032,
(sp15:0.17130,(sp16:0.27077,(sp7:0.29689,((((sp3:0.24177,
sp2:0.64370):0.02432,sp4:0.20812):0.01635,sp5:0.14875):0.06747,
sp6:0.41969):0.01133):0.01474):0.02771):0.03099):0.05951):0.03060):0.01292,sp8:0.14753);
