((sp9:0.22175,((((((((sp3:0.22283,sp2:0.66695):0.07617,sp6:0.35020):0.02177,
sp5:0.13842):0.02240,sp4:0.21593):0.04976,(sp16:0.27758,
sp7:0.35771):0.02293):0.04106,sp15:0.18524):0.03046,sp11:0.36776):0.02396,
sp10:0.36435):0.04138):0.01975,(sp12:0.11685,(sp13:0.03037,
(sp14:0.04930,sp1:0.15555):0.01184):0.04693):0.02360,sp8:0.13682);
