(sp9:0.25874,(((((((((sp3:0.26129,sp2:0.77848):0.06434,(sp4:0.13994,
sp5:0.15183):0.05357):0.02587,sp6:0.45773):0.04663,sp16:0.36936):0.01512,
sp7:0.33056):0.04387,sp15:0.14803):0.05264,sp11:0.46768):0.08510,
sp10:0.40576):0.04259,(sp12:0.10698,((sp13:0.01659,sp14:0.06428):0.01892,
sp1:0.13487):0.02201):0.03030):0.00705,sp8:0.12028);
