((sp9:0.31460,(((((((sp3:0.29614,sp2:0.71269):0.07997,((sp4:0.22411,
sp5:0.14974):0.03811,sp6:0.45861):0.02385):0.02102,sp16:0.30111):0.04094,
sp7:0.35720):0.04916,sp15:0.15942):0.02183,sp11:0.47265):0.01980,
sp10:0.32926):0.07343):0.01301,(sp12:0.08287,((sp13:0.03724,
sp14:0.07266):0.01681,sp1:0.23158):0.01656):0.02618,sp8:0.17918);
