((sp9:0.35495,((((((((sp3:0.24174,(sp4:0.18919,sp5:0.13860):0.01616):0.04621,
sp2:0.75925):0.02291,sp6:0.40082):0.04191,sp16:0.28585):0.00783,
sp7:0.41064):0.04257,sp15:0.15258):0.03416,sp11:0.39400):0.03133,
sp10:0.40052):0.07659):0.01115,(sp12:0.10728,(sp13:0.05164,
(sp14:0.06062,sp1:0.14521):0.00575):0.03104):0.02917,sp8:0.15147);
