((sp9:0.26698,((((((((sp3:0.25565,sp2:0.65319):0.08192,(sp5:0.15655,
sp4:0.19448):0.02395):0.05869,sp6:0.42525):0.01075,sp16:0.31236):0.01305,
sp7:0.33475):0.07370,sp11:0.46293):0.00325,sp15:0.19980):0.09948,
sp10:0.38953):0.03090):0.00943,(sp12:0.08581,((sp1:0.17889,
sp14:0.04738):0.00674,sp13:0.02890):0.03026):0.02334,sp8:0.16378);
