((sp9:0.32375,(sp12:0.11732,((sp13:0.03249,sp14:0.07300):0.02738,
sp1:0.17317):0.04325):0.02760):0.00366,(sp10:0.37225,(sp11:0.45636,
(sp15:0.18757,(((((sp3:0.25444,sp2:0.65958):0.04385,(sp4:0.21533,
sp5:0.15121):0.02465):0.02354,sp6:0.46304):0.05694,sp16:0.23852):0.01113,
sp7:0.32325):0.04674):0.03845):0.10836):0.06174,sp8:0.11001);
