((sp12:0.09190,(sp1:0.17687,(sp14:0.03869,sp13:0.02672):0.00680):0.04074):0.02164,
(sp9:0.25731,(sp10:0.35737,(sp11:0.32562,((((((sp3:0.28192,
sp2:0.65856):0.02593,(sp5:0.14658,sp4:0.17110):0.03228):0.03093,
sp6:0.45393):0.01617,sp16:0.31428):0.00826,sp7:0.31805):0.00789,
sp15:0.15654):0.03014):0.07073):0.04548):0.02610,sp8:0.14037);
