((((((((((sp3:0.27554,sp4:0.15026):0.01477,sp5:0.11922):0.06498,
sp2:0.84395):0.03495,sp6:0.48555):0.01578,sp16:0.30092):0.00717,
sp7:0.30816):0.04628,sp11:0.39007):0.01434,sp15:0.16509):0.07552,
sp10:0.37070):0.05095,(sp9:0.28337,(sp12:0.08271,(sp1:0.16568,
(sp14:0.04052,sp13:0.04571):0.00744):0.02481):0.02375):0.00252,sp8:0.15317);
