((sp9:0.24419,(sp12:0.08334,((sp13:0.02386,sp14:0.04465):0.02465,
sp1:0.21388):0.05244):0.03983):0.01208,(sp10:0.36908,((sp11:0.48864,
sp15:0.18488):0.01400,(sp16:0.30989,((((sp3:0.22894,sp2:0.79317):0.03587,
sp6:0.42714):0.04633,(sp4:0.14867,sp5:0.14080):0.03355):0.01549,
sp7:0.30296):0.01208):0.05303):0.05007):0.03361,sp8:0.17631);
