((sp9:0.30282,((sp12:0.09260,(sp14:0.05897,sp13:0.02605):0.02261):0.02367,
sp1:0.20932):0.00343):0.03598,(sp10:0.39082,(sp11:0.46352,
(sp15:0.20714,(sp7:0.35917,(sp16:0.27467,(((sp3:0.22674,
sp2:0.62369):0.05012,(sp5:0.12648,sp4:0.14765):0.03010):0.01868,
sp6:0.41173):0.00755):0.01479):0.00888):0.04689):0.12883):0.05431,sp8:0.15129);
