((sp9:0.26474,(sp12:0.08502,((sp13:0.03878,sp14:0.05274):0.04226,
sp1:0.15633):0.01585):0.01477):0.02583,(sp10:0.35484,(sp11:0.46815,
(sp15:0.14717,((sp16:0.28701,sp7:0.37280):0.02272,(((sp3:0.23020,
sp2:0.74487):0.07480,(sp4:0.16185,sp5:0.12310):0.02662):0.00719,
sp6:0.47774):0.01591):0.04541):0.01902):0.08067):0.07416,sp8:0.11449);
