((sp12:0.10792,((sp13:0.03940,sp14:0.07003):0.03531,sp1:0.13646):0.05261):0.01444,
(sp9:0.27610,(sp10:0.35767,(sp11:0.46435,((((sp3:0.29026,
sp2:0.58950):0.03312,((sp4:0.20977,sp5:0.14909):0.03074,
sp6:0.41429):0.01680):0.04380,sp7:0.37204):0.01624,(sp16:0.37594,
sp15:0.17293):0.01118):0.03820):0.03454):0.04912):0.02444,sp8:0.15041);
