((sp9:0.25085,(sp12:0.07567,((sp13:0.00673,sp14:0.04068):0.01517,
sp1:0.14388):0.05175):0.02182):0.00166,(sp10:0.42775,(sp11:0.39337,
(sp15:0.18856,(sp7:0.30180,((((sp3:0.23854,(sp4:0.18730,
sp5:0.10952):0.01847):0.02516,sp2:0.71638):0.01780,sp6:0.36776):0.01595,
sp16:0.32651):0.01974):0.05130):0.02500):0.01589):0.09775,sp8:0.11575);
