(((((((((sp3:0.32376,(sp4:0.16932,sp5:0.17676):0.04315):0.02196,
sp6:0.50817):0.01642,sp2:0.82419):0.06006,sp16:0.33081):0.01943,
sp7:0.36772):0.02902,sp11:0.40851):0.01659,sp15:0.16089):0.07502,
sp10:0.41207):0.03614,(sp9:0.26877,(sp12:0.10007,(sp13:0.04800,
(sp14:0.06949,sp1:0.18614):0.00077):0.01161):0.04737):0.01546,sp8:0.14455);
