((sp9:0.27823,(((((((sp3:0.25705,sp2:0.69581):0.07780,(sp4:0.16735,
sp5:0.11689):0.03943):0.02901,sp16:0.32490):0.03042,sp7:0.32267):0.01565,
sp6:0.41072):0.04583,(sp11:0.45836,sp15:0.17149):0.01997):0.05731,
sp10:0.40005):0.04349):0.01872,(sp12:0.08319,(sp13:0.02937,
(sp14:0.05329,sp1:0.17626):0.01018):0.02638):0.02400,sp8:0.14847);
