((sp9:0.30283,(sp12:0.06442,((sp13:0.03246,sp14:0.06663):0.01212,
sp1:0.19182):0.01882):0.03689):0.00976,(sp10:0.39812,(sp11:0.46399,
(((((sp3:0.21399,sp2:0.53715):0.09148,(sp4:0.22835,sp5:0.12956):0.01194):0.01194,
sp6:0.38155):0.02013,sp7:0.32552):0.01279,(sp16:0.24882,
sp15:0.17237):0.01058):0.06206):0.03311):0.03006,sp8:0.17869);
