((sp9:0.27821,((((((((sp3:0.19517,sp2:0.71272):0.10492,(sp5:0.17335,
sp4:0.13592):0.03180):0.06185,sp6:0.43412):0.03400,sp16:0.27113):0.01736,
sp7:0.33147):0.03561,sp15:0.19213):0.02514,sp11:0.35028):0.05324,
sp10:0.29578):0.05868):0.01819,(sp12:0.09408,(sp13:0.03032,
(sp1:0.13887,sp14:0.04582):0.00304):0.02306):0.03070,sp8:0.16876);
