(sp9:0.28533,((sp12:0.10498,((sp13:0.03708,sp14:0.06524):0.02395,
sp1:0.22997):0.01501):0.05283,(sp10:0.37488,(sp11:0.40343,
(sp15:0.17680,(sp7:0.32349,(((((sp3:0.22382,sp2:0.66690):0.03429,
sp5:0.12492):0.01235,sp4:0.19214):0.04825,sp6:0.42103):0.02897,
sp16:0.32451):0.01051):0.02380):0.02206):0.03325):0.04902):0.00608,sp8:0.15773);
