(sp9:0.26399,((sp12:0.08721,((sp13:0.02577,sp14:0.05035):0.02563,
sp1:0.18074):0.07273):0.00617,(sp10:0.44226,((((((sp3:0.22713,
sp2:0.69127):0.04054,((sp4:0.16137,sp5:0.12784):0.02852,
sp16:0.25527):0.00783):0.01633,sp6:0.50395):0.01851,sp7:0.34575):0.02253,
sp11:0.45974):0.00416,sp15:0.21487):0.11609):0.05377):0.01541,sp8:0.16783);
