(((sp12:0.11724,(sp14:0.05650,sp13:0.02417):0.01985):0.01500,
sp1:0.16028):0.02067,(sp9:0.23241,(sp10:0.38904,((((((sp3:0.28225,
sp2:0.64951):0.03004,(sp5:0.12829,sp4:0.18305):0.02893):0.01055,
sp6:0.43700):0.04738,(sp16:0.29511,sp7:0.31918):0.04094):0.01696,
sp11:0.47440):0.01295,sp15:0.21383):0.10366):0.03137):0.01766,sp8:0.17547);
