((sp12:0.13357,((sp13:0.03927,sp14:0.06034):0.01002,sp1:0.17173):0.02877):0.03285,
(sp9:0.31585,(sp10:0.46395,(sp11:0.45970,((((((sp3:0.27117,
sp2:0.60981):0.06604,(sp4:0.16639,sp5:0.14799):0.04626):0.01991,
sp6:0.40723):0.06262,sp16:0.30037):0.01996,sp7:0.35677):0.01632,
sp15:0.19826):0.01616):0.05549):0.03579):0.02860,sp8:0.16586);
