((sp9:0.33953,(sp12:0.12257,((sp13:0.05036,sp14:0.05159):0.01823,
sp1:0.18328):0.04108):0.02520):0.00871,(sp10:0.34330,(sp11:0.47518,
(sp15:0.19536,(((sp4:0.14175,sp5:0.11127):0.04468,((sp2:0.83340,
sp3:0.21523):0.05872,sp6:0.54164):0.02197):0.04837,(sp16:0.28478,
sp7:0.28451):0.01763):0.02883):0.02415):0.07446):0.04935,sp8:0.15343);
