((sp12:0.10119,((sp13:0.02279,sp14:0.07997):0.02301,sp1:0.17302):0.02473):0.02229,
(sp9:0.28496,(sp10:0.39566,(sp15:0.18139,(((((sp4:0.17417,
sp5:0.11789):0.02183,(sp2:0.63727,sp3:0.30058):0.04371):0.04295,
sp6:0.38269):0.03553,sp7:0.39874):0.01381,(sp11:0.50639,
sp16:0.28937):0.01156):0.03154):0.01246):0.07743):0.01197,sp8:0.16814);
