((sp12:0.09191,((sp13:0.03268,sp14:0.07811):0.00146,sp1:0.20370):0.03903):0.03717,
(sp9:0.26226,(sp10:0.37785,(sp15:0.15235,((sp11:0.38015,
sp7:0.32313):0.02305,(((sp3:0.23320,sp2:0.78709):0.05103,
sp6:0.48889):0.02968,((sp4:0.17816,sp5:0.10607):0.04779,
sp16:0.29933):0.00905):0.03549):0.01290):0.12311):0.06314):0.00629,sp8:0.11723);
