((sp9:0.29978,(sp12:0.11669,((sp13:0.03992,sp14:0.04315):0.03132,
sp1:0.19196):0.01235):0.04399):0.00651,(sp10:0.53360,((((((sp3:0.27176,
sp2:0.63938):0.05631,((sp4:0.21079,sp5:0.14455):0.03859,
sp6:0.42465):0.02121):0.03001,sp16:0.33044):0.02962,sp7:0.31635):0.02104,
sp11:0.44067):0.01233,sp15:0.17557):0.07041):0.05693,sp8:0.15013);
