((sp9:0.30041,((((((((sp3:0.21570,sp2:0.71506):0.07172,(sp4:0.20092,
sp5:0.17905):0.03761):0.00564,sp6:0.38212):0.05077,sp16:0.47393):0.00826,
sp7:0.35142):0.07505,sp11:0.50990):0.02669,sp15:0.23604):0.05188,
sp10:0.44641):0.04948):0.03436,(sp12:0.09082,((sp13:0.01409,
sp14:0.03669):0.01085,sp1:0.13524):0.04578):0.01417,sp8:0.16377);
