(sp9:0.32208,((((((((sp3:0.22786,sp2:0.69908):0.07602,(sp4:0.20919,
sp5:0.17484):0.03203):0.06053,(sp6:0.40928,sp7:0.35256):0.04123):0.03770,
sp16:0.32228):0.05411,sp15:0.15570):0.02197,sp11:0.46414):0.06670,
sp10:0.37789):0.07814,(sp12:0.10356,((sp13:0.03068,sp14:0.03792):0.03636,
sp1:0.15906):0.02737):0.02193):0.01571,sp8:0.13789);
