(sp9:0.29426,((sp12:0.11392,((sp13:0.04359,sp14:0.06954):0.01097,
sp1:0.17719):0.06932):0.01408,(sp10:0.42062,(sp11:0.41731,
(sp15:0.18895,(sp7:0.35895,((((sp3:0.22534,sp2:0.72535):0.06406,
sp6:0.40752):0.02975,sp16:0.32713):0.02772,(sp4:0.25698,
sp5:0.15419):0.01734):0.02728):0.04763):0.02050):0.08204):0.04251):0.00726,sp8:0.21404);
