((sp9:0.20248,(sp12:0.09605,((sp1:0.15412,sp13:0.04476):0.01431,
sp14:0.05431):0.03954):0.04502):0.02218,(sp10:0.33965,((sp11:0.47280,
sp15:0.18108):0.00617,(sp7:0.31551,(sp16:0.39922,((sp2:0.54117,
sp6:0.42222):0.06861,(sp3:0.29626,(sp5:0.10381,sp4:0.15036):0.05419):0.01406):0.01723):0.03314):0.04263):0.08189):0.04661,sp8:0.17912);
