(((sp9:0.23653,sp12:0.12013):0.01329,(sp1:0.19573,(sp14:0.04897,
sp13:0.02302):0.02176):0.04518):0.01312,(sp10:0.44164,(sp11:0.47937,
(sp15:0.17877,(((((sp3:0.18686,sp2:0.77506):0.08508,(sp5:0.11093,
sp4:0.14319):0.04562):0.03134,sp6:0.44529):0.03298,sp7:0.36680):0.00716,
sp16:0.30910):0.01422):0.01618):0.08144):0.03321,sp8:0.15713);
