((sp9:0.26887,(((((((sp3:0.21831,sp2:0.59384):0.02749,(sp4:0.19481,
sp5:0.09752):0.04990):0.00996,sp6:0.37533):0.05185,(sp16:0.26575,
sp7:0.27869):0.03208):0.04719,sp15:0.14689):0.01821,sp11:0.47055):0.06303,
sp10:0.32143):0.02800):0.03882,(sp12:0.10560,(sp13:0.02156,
(sp14:0.05038,sp1:0.18360):0.00754):0.03489):0.01846,sp8:0.14031);
