((sp12:0.12025,((sp13:0.02824,sp14:0.05367):0.01331,sp1:0.16288):0.07716):0.02313,
(sp9:0.24865,(((((((sp3:0.23744,sp2:0.73912):0.08075,((sp4:0.19347,
sp5:0.13509):0.03771,sp6:0.43335):0.02192):0.03381,sp7:0.42198):0.00559,
sp16:0.32227):0.07011,sp11:0.44639):0.00430,sp15:0.16020):0.07975,
sp10:0.43920):0.00773):0.01045,sp8:0.13194);
