(sp10:0.33123,((sp12:0.08789,(sp1:0.17489,(sp14:0.07050,
sp13:0.04488):0.01222):0.02415):0.05116,(sp9:0.32586,(sp11:0.45199,
(sp15:0.20163,(sp7:0.34058,(sp16:0.26788,((((sp3:0.27156,
sp2:0.67574):0.04336,sp4:0.21573):0.01084,sp5:0.15260):0.02902,
sp6:0.42312):0.00824):0.02948):0.04545):0.03300):0.10879):0.01247):0.00974,sp8:0.14258);
