((sp9:0.24540,(sp12:0.08162,((sp13:0.01758,sp14:0.05841):0.01499,
sp1:0.12554):0.01715):0.02862):0.00584,(sp10:0.40458,(sp11:0.38246,
(sp15:0.18609,(sp7:0.33467,(sp16:0.32634,(((sp3:0.28818,
sp2:0.65426):0.05153,(sp4:0.18077,sp5:0.11494):0.03951):0.01182,
sp6:0.40826):0.02712):0.02137):0.02591):0.03526):0.05618):0.07158,sp8:0.14971);
