(((sp11:0.42646,(((sp16:0.23525,sp7:0.28364):0.03467,(((sp2:0.69639,
sp3:0.18044):0.11452,(sp4:0.18242,sp5:0.12599):0.05458):0.01742,
sp6:0.46357):0.05852):0.03513,sp15:0.15541):0.01302):0.04971,
sp10:0.36796):0.04048,(sp9:0.32634,(sp12:0.08374,(sp13:0.01999,
(sp14:0.04791,sp1:0.17798):0.00138):0.02126):0.03547):0.00923,sp8:0.10805);
