(sp9:0.26927,((sp12:0.09731,((sp1:0.19273,sp14:0.07230):0.00697,
sp13:0.03113):0.03709):0.05705,(sp10:0.37287,((sp15:0.15939,
sp7:0.34636):0.02462,(sp11:0.45593,((((sp3:0.29319,sp2:0.60032):0.04269,
(sp5:0.14314,sp4:0.15907):0.04563):0.02392,sp6:0.47440):0.00372,
sp16:0.27104):0.03897):0.01201):0.08060):0.07679):0.00402,sp8:0.18018);
