((sp12:0.08423,((sp1:0.16850,sp13:0.02682):0.00902,sp14:0.07428):0.06093):0.04741,
(sp9:0.29748,(sp10:0.39883,(sp11:0.41172,((((((sp3:0.26231,
sp2:0.67245):0.04178,(sp5:0.16250,sp4:0.19611):0.02371):0.02925,
sp6:0.40248):0.02360,sp16:0.32812):0.01578,sp15:0.22347):0.00682,
sp7:0.31222):0.02111):0.04001):0.06915):0.01837,sp8:0.12660);
