((sp9:0.20920,(sp12:0.11919,((sp13:0.02255,sp14:0.04723):0.03086,
sp1:0.17412):0.04800):0.01399):0.00665,(sp10:0.35872,(((sp11:0.41345,
sp7:0.26385):0.02076,sp15:0.19654):0.01872,(sp16:0.32681,
(((sp3:0.29941,(sp4:0.15796,sp5:0.14543):0.02709):0.04047,
sp2:0.72242):0.00715,sp6:0.43782):0.00124):0.03415):0.05848):0.08871,sp8:0.13519);
