((sp9:0.26353,(sp12:0.10024,((sp13:0.03201,sp1:0.20599):0.00846,
sp14:0.06103):0.04622):0.02473):0.02511,(sp10:0.45129,(sp11:0.41967,
(((((sp3:0.21920,sp2:0.80195):0.04104,((sp4:0.17720,sp5:0.12494):0.02684,
sp6:0.41828):0.02336):0.04770,sp7:0.33677):0.00928,sp16:0.26889):0.00575,
sp15:0.17594):0.06077):0.02109):0.03660,sp8:0.15623);
