((sp9:0.28099,((((((((sp3:0.21001,sp2:0.61988):0.07198,(sp5:0.18018,
sp4:0.20458):0.02620):0.01820,sp6:0.36704):0.02308,sp16:0.35933):0.03254,
sp7:0.32524):0.05002,sp15:0.19082):0.03285,sp11:0.48320):0.06030,
sp10:0.39504):0.08326):0.01367,(sp12:0.08875,(sp1:0.19347,
(sp14:0.05573,sp13:0.02506):0.00575):0.02601):0.02103,sp8:0.18344);
