((sp9:0.29457,((((((((sp3:0.26945,sp2:0.72291):0.08780,sp4:0.17854):0.04051,
sp5:0.18356):0.02383,sp6:0.54266):0.03709,(sp16:0.30396,
sp7:0.30333):0.01465):0.05582,sp15:0.18528):0.03096,sp11:0.45296):0.07349,
sp10:0.35039):0.06214):0.00745,(sp12:0.11161,(sp1:0.21308,
(sp14:0.07005,sp13:0.03288):0.01001):0.05030):0.01273,sp8:0.18407);
