(sp12:0.09524,((sp9:0.30512,((((((sp3:0.30413,((sp4:0.16473,
sp5:0.16743):0.01350,(sp2:0.71671,sp6:0.34497):0.05709):0.01073):0.07036,
sp16:0.33470):0.03518,sp7:0.31574):0.02967,sp15:0.18075):0.02336,
sp11:0.48981):0.04426,sp10:0.41382):0.04551):0.04223,(sp13:0.02279,
(sp14:0.05091,sp1:0.20381):0.01484):0.04049):0.00893,sp8:0.14761);
