((sp9:0.23100,(sp12:0.09168,((sp13:0.01594,sp14:0.02831):0.02375,
sp1:0.16330):0.04372):0.02094):0.01252,(sp10:0.40793,(sp11:0.45522,
(sp15:0.15493,(sp7:0.34530,(sp16:0.29403,(((sp3:0.23352,
sp2:0.63506):0.03776,(sp4:0.16159,sp5:0.14777):0.03857):0.01362,
sp6:0.41943):0.01254):0.03580):0.00799):0.03643):0.03006):0.04674,sp8:0.21098);
