(sp9:0.26596,((sp12:0.10445,((sp13:0.02667,sp14:0.07510):0.01514,
sp1:0.16952):0.01863):0.06593,(sp10:0.46838,((sp11:0.39719,
sp15:0.13626):0.02239,(sp7:0.34474,(sp16:0.30761,((sp3:0.28831,
(sp4:0.17599,sp5:0.11482):0.04096):0.02059,(sp2:0.66631,
sp6:0.37903):0.02328):0.02734):0.02039):0.03861):0.09506):0.04725):0.01830,sp8:0.17499);
