((sp9:0.28754,(sp12:0.10527,((sp13:0.03019,sp14:0.05517):0.03083,
sp1:0.17071):0.04222):0.00712):0.04500,(sp10:0.37978,(sp11:0.47202,
(((((sp4:0.18957,sp5:0.14969):0.02652,(sp2:0.65148,sp3:0.28088):0.06895):0.05336,
sp6:0.53419):0.02153,sp16:0.34040):0.02167,(sp7:0.37457,
sp15:0.17362):0.01368):0.02842):0.07438):0.07352,sp8:0.14778);
