((sp9:0.27726,(sp12:0.10194,((sp13:0.02590,sp14:0.06356):0.02490,
sp1:0.17608):0.04267):0.02306):0.00960,(sp10:0.33998,(sp11:0.47644,
(sp15:0.13524,((sp4:0.18551,sp5:0.09259):0.02581,(((sp3:0.28166,
sp2:0.51816):0.08518,(sp16:0.28481,sp7:0.33773):0.02272):0.00772,
sp6:0.46255):0.00330):0.05377):0.04010):0.06471):0.07821,sp8:0.16430);
