((sp9:0.33595,(sp12:0.10431,((sp13:0.02746,sp14:0.04312):0.01231,
sp1:0.16820):0.03622):0.02608):0.00583,(sp10:0.32547,(sp11:0.43487,
(sp15:0.19380,((sp16:0.27154,sp7:0.30980):0.02172,((sp3:0.27089,
sp2:0.80497):0.08810,((sp4:0.18382,sp5:0.14859):0.01875,
sp6:0.37268):0.01418):0.02290):0.02711):0.03638):0.06465):0.08831,sp8:0.16265);
