((sp9:0.26666,(sp12:0.08482,((sp13:0.03225,sp14:0.06571):0.02418,
sp1:0.16861):0.02970):0.01628):0.02504,(sp10:0.39290,(sp11:0.44930,
(sp15:0.15621,(sp7:0.35323,((((sp3:0.26938,sp2:0.67927):0.05716,
sp6:0.46475):0.03132,(sp4:0.16424,sp5:0.15633):0.05647):0.01244,
sp16:0.33017):0.02317):0.01299):0.01575):0.09406):0.03723,sp8:0.12518);
