(sp3:0.30239,(((((sp11:0.50256,((sp10:0.41820,((sp9:0.29905,
((sp1:0.16494,(sp14:0.05204,sp13:0.04639):0.04200):0.03988,
sp12:0.09985):0.07760):0.00827,sp8:0.26518):0.07521):0.08315,
sp15:0.23371):0.01176):0.07018,sp7:0.50703):0.02333,sp16:0.37944):0.03594,
sp6:0.52749):0.01425,(sp5:0.16505,sp4:0.28296):0.03990):0.06152,sp2:0.81868);
