(((((sp11:0.53089,(sp10:0.52039,((sp9:0.33925,((sp1:0.21252,
(sp14:0.06628,sp13:0.03755):0.02838):0.04893,sp12:0.16063):0.03555):0.03183,
sp8:0.20657):0.02030):0.11191):0.02613,sp15:0.26255):0.04264,
sp7:0.39914):0.00856,sp16:0.34334):0.05970,((sp3:0.33899,
sp4:0.20931):0.02082,(sp6:0.52427,sp5:0.16884):0.01412):0.02272,sp2:0.85817);
