(sp3:0.30978,((sp4:0.16960,sp5:0.13145):0.05063,((((sp11:0.55609,
(sp10:0.47882,(sp9:0.38279,(sp8:0.24679,(((sp1:0.20095,sp14:0.08397):0.00499,
sp13:0.03483):0.04475,sp12:0.13124):0.02795):0.03635):0.06484):0.15384):0.01075,
sp15:0.22406):0.03932,sp7:0.44846):0.02591,(sp6:0.54827,
sp16:0.40885):0.00866):0.02984):0.07480,sp2:0.93167);
