(sp3:0.31516,((sp4:0.24747,sp5:0.15368):0.04629,(((((sp11:0.52770,
(sp10:0.41719,(sp9:0.36558,(sp8:0.17932,((sp1:0.19661,(sp13:0.02603,
sp14:0.04015):0.05836):0.04612,sp12:0.15802):0.03388):0.02407):0.04818):0.12098):0.02844,
sp15:0.24123):0.03283,sp7:0.39246):0.04040,sp16:0.32824):0.02734,
sp6:0.52934):0.01118):0.07943,sp2:0.83300);
