(sp3:0.33485,((sp5:0.19020,sp4:0.21474):0.03853,((sp6:0.54358,
sp16:0.40633):0.00734,(((sp11:0.58818,(sp10:0.41835,(sp9:0.29181,
(sp8:0.16501,((sp1:0.20612,(sp14:0.05316,sp13:0.02900):0.01043):0.07706,
sp12:0.08643):0.02952):0.01638):0.05193):0.11599):0.02995,
sp15:0.22289):0.03524,sp7:0.38585):0.02581):0.01479):0.10026,sp2:0.65798);
