(sp3:0.32244,(sp5:0.13229,((sp6:0.54687,((((sp11:0.52214,
(sp10:0.43701,(sp9:0.25883,(sp8:0.17357,((sp1:0.20119,(sp13:0.02808,
sp14:0.04830):0.03353):0.04129,sp12:0.11578):0.06314):0.01934):0.07207):0.05544):0.02434,
sp15:0.19155):0.01519,sp7:0.39379):0.04290,sp16:0.36117):0.03221):0.01306,
sp4:0.19429):0.01375):0.04330,sp2:0.67518);
