(((((((sp11:0.55660,(sp10:0.49687,((sp9:0.31475,((sp1:0.17969,
(sp14:0.07432,sp13:0.03627):0.03198):0.01396,sp12:0.11964):0.02174):0.02362,
sp8:0.16471):0.06949):0.09404):0.05349,sp15:0.21961):0.01323,
sp7:0.35880):0.04346,sp16:0.35206):0.04633,(sp4:0.23109,
sp5:0.18352):0.03879):0.02954,sp6:0.47325):0.02855,sp3:0.32518,sp2:0.91892);
