(sp3:0.25586,(sp6:0.47307,(((sp7:0.47792,((sp11:0.49550,
(sp10:0.44921,(sp9:0.33429,(sp8:0.15527,((sp1:0.20106,(sp14:0.07271,
sp13:0.02807):0.02899):0.04539,sp12:0.11046):0.03402):0.02306):0.07925):0.10516):0.04151,
sp15:0.19700):0.04485):0.03059,sp16:0.37182):0.02433,(sp4:0.19688,
sp5:0.15723):0.04776):0.02363):0.06625,sp2:0.82641);
