(sp16:0.33910,(sp6:0.55308,(sp3:0.31727,((((sp11:0.54720,
(sp10:0.47628,(sp9:0.26323,(sp8:0.18586,((sp1:0.18286,(sp13:0.03039,
sp14:0.05677):0.02042):0.04846,sp12:0.11232):0.02689):0.01144):0.04593):0.05994):0.04254,
sp15:0.20890):0.03461,sp7:0.33369):0.06158,(sp4:0.23831,
sp5:0.16043):0.03138):0.02081):0.03367):0.05201,sp2:0.74804);
