(sp3:0.31128,((sp4:0.24876,sp5:0.19163):0.05691,(((sp7:0.49950,
sp16:0.37305):0.02403,(sp11:0.51005,((sp10:0.56469,(sp9:0.30349,
(sp8:0.17602,((sp1:0.14309,(sp13:0.02031,sp14:0.06301):0.03169):0.04300,
sp12:0.09858):0.05575):0.01691):0.04176):0.16456,sp15:0.21447):0.02974):0.02766):0.02246,
sp6:0.59981):0.01880):0.05204,sp2:0.73789);
