(sp16:0.39506,((((sp11:0.62184,(sp10:0.46549,(sp9:0.33477,
(((sp1:0.23657,(sp14:0.06856,sp13:0.04179):0.02629):0.06143,
sp12:0.12133):0.02926,sp8:0.16521):0.02057):0.05934):0.11062):0.01462,
sp15:0.25953):0.08307,sp7:0.47589):0.04045,((sp6:0.43125,
sp3:0.32180):0.01774,(sp4:0.27029,sp5:0.17098):0.03595):0.03209):0.03021,sp2:0.69706);
