(sp3:0.33878,(sp4:0.24367,((((((sp11:0.45829,(sp10:0.43693,
((sp9:0.31649,((sp1:0.22674,(sp13:0.01802,sp14:0.05209):0.03588):0.04320,
sp12:0.13972):0.06689):0.00640,sp8:0.15750):0.05744):0.09124):0.02966,
sp15:0.20844):0.07071,sp16:0.27649):0.01779,sp7:0.45186):0.05773,
sp5:0.20420):0.02106,sp6:0.45764):0.00797):0.05417,sp2:0.75832);
