(sp3:0.35310,(sp6:0.49032,((((((sp11:0.56519,(sp10:0.46332,
((sp9:0.31563,((sp1:0.19816,(sp14:0.06902,sp13:0.03607):0.02617):0.07125,
sp12:0.11642):0.04581):0.01075,sp8:0.24224):0.06305):0.08195):0.05553,
sp15:0.24501):0.03355,sp7:0.36685):0.00423,sp16:0.40222):0.02815,
sp4:0.28547):0.00520,sp5:0.24882):0.01128):0.03906,sp2:0.76462);
