(sp3:0.28183,((sp4:0.22404,sp5:0.13067):0.04937,((sp6:0.55572,
sp16:0.31281):0.02113,((sp11:0.53161,(sp10:0.39013,(sp9:0.34284,
((sp8:0.17975,(sp1:0.21694,(sp13:0.03068,sp14:0.05972):0.00688):0.06050):0.01211,
sp12:0.13914):0.01043):0.03307):0.14140):0.00736,(sp7:0.40251,
sp15:0.22994):0.01358):0.02153):0.01691):0.05348,sp2:0.85934);
