((sp10:0.40358,((sp9:0.31102,((sp1:0.16684,(sp14:0.06434,
sp13:0.03415):0.04470):0.04485,sp12:0.11696):0.06666):0.01370,
sp8:0.15698):0.02721):0.06805,(sp6:0.52832,((sp3:0.34534,
(sp4:0.25753,sp5:0.11162):0.02264):0.04028,((sp11:0.52487,
sp15:0.24065):0.03879,(sp7:0.34899,sp16:0.31090):0.00650):0.02374):0.01802):0.05501,sp2:0.71864);
