(sp3:0.31186,((((((sp11:0.47558,(sp10:0.40854,(sp9:0.30310,
(((sp1:0.19647,(sp14:0.06537,sp13:0.02070):0.04604):0.02463,
sp12:0.11525):0.01994,sp8:0.13924):0.01430):0.05779):0.10436):0.02654,
sp15:0.21949):0.02485,sp7:0.42962):0.02938,sp16:0.35787):0.02340,
sp6:0.52017):0.03110,(sp4:0.22150,sp5:0.15739):0.02063):0.02746,sp2:0.79556);
