(sp3:0.22171,(sp6:0.36349,((((sp11:0.48007,((sp10:0.44960,
(sp9:0.25966,(sp8:0.15258,((sp1:0.18326,(sp13:0.03632,sp14:0.06962):0.02310):0.05216,
sp12:0.11908):0.03790):0.00701):0.09411):0.09106,sp15:0.20472):0.04747):0.02585,
sp7:0.45580):0.01482,sp16:0.34287):0.05010,(sp5:0.20167,
sp4:0.22245):0.05864):0.01913):0.08539,sp2:0.83430);
