(sp3:0.36028,(sp4:0.23811,((((((sp11:0.58331,(sp10:0.47447,
(sp9:0.29559,(sp8:0.17584,((sp1:0.18526,(sp13:0.03312,sp14:0.03264):0.03415):0.02311,
sp12:0.12997):0.04845):0.01462):0.04626):0.03702):0.03939,
sp15:0.24055):0.03222,sp16:0.31587):0.01713,sp7:0.49220):0.05356,
sp6:0.53958):0.01593,sp5:0.14992):0.00943):0.09143,sp2:0.81077);
