(sp3:0.28950,((((sp11:0.46180,(sp10:0.47487,((sp9:0.30411,
sp8:0.15640):0.01913,((sp1:0.20745,(sp14:0.06808,sp13:0.04308):0.02367):0.06528,
sp12:0.13490):0.02160):0.08959):0.10525):0.05446,sp15:0.19960):0.03823,
sp7:0.32544):0.03437,((sp6:0.51891,sp16:0.39628):0.01197,
(sp5:0.20202,sp4:0.23428):0.01561):0.03136):0.05921,sp2:0.85130);
