((((((sp11:0.52844,(sp10:0.43165,(sp9:0.38299,(sp8:0.21336,
((sp1:0.18575,(sp14:0.04116,sp13:0.01966):0.05359):0.05721,
sp12:0.10613):0.06663):0.01317):0.05787):0.04156):0.08219,
sp15:0.22394):0.03573,sp7:0.47486):0.02685,sp16:0.35915):0.05815,
sp6:0.48587):0.01411,(sp3:0.36776,(sp5:0.16798,sp4:0.22504):0.02617):0.04925,sp2:0.67493);
