(sp3:0.32540,((sp4:0.23359,sp5:0.17052):0.04572,((sp6:0.53290,
sp16:0.28874):0.01554,(((sp11:0.60398,(sp10:0.40876,(sp9:0.32420,
(sp8:0.17648,((sp1:0.18990,(sp13:0.03591,sp14:0.08004):0.03066):0.05754,
sp12:0.13568):0.01679):0.05525):0.03605):0.05341):0.01806,
sp15:0.22776):0.01543,sp7:0.39454):0.04331):0.04759):0.05664,sp2:0.68506);
