(sp3:0.30783,((((((sp11:0.45534,(sp10:0.44570,((sp9:0.33987,
((sp1:0.17142,(sp13:0.03095,sp14:0.07034):0.04404):0.04022,
sp12:0.12233):0.05960):0.03122,sp8:0.18173):0.06185):0.03324):0.04357,
sp15:0.20865):0.01763,sp7:0.40753):0.01750,sp16:0.39797):0.05681,
sp6:0.41662):0.01710,(sp5:0.18447,sp4:0.23529):0.01614):0.02703,sp2:0.87757);
