(sp3:0.37753,(sp6:0.44298,((sp5:0.14047,sp4:0.20556):0.04499,
(sp16:0.36108,(((sp11:0.55388,(sp10:0.49666,((sp9:0.31490,
sp8:0.16968):0.00452,(sp1:0.25908,(sp12:0.11199,(sp14:0.06428,
sp13:0.03451):0.03353):0.02672):0.03823):0.09241):0.04209):0.07157,
sp7:0.46459):0.01109,sp15:0.24444):0.02423):0.04292):0.01947):0.03669,sp2:0.66314);
