(sp3:0.38542,((sp4:0.24008,sp5:0.20426):0.04316,((((sp11:0.56984,
(sp10:0.47108,(sp9:0.28487,(((sp1:0.23691,(sp14:0.05241,
sp13:0.03323):0.02997):0.03701,sp12:0.14321):0.01817,sp8:0.18806):0.01493):0.08463):0.07071):0.02301,
sp15:0.24594):0.04833,(sp7:0.45287,sp16:0.32792):0.05047):0.03588,
sp6:0.54096):0.01772):0.04951,sp2:0.72016);
