(sp3:0.35259,((sp5:0.18242,sp4:0.21647):0.03106,((((sp11:0.54197,
(sp10:0.49712,(sp9:0.36018,(sp8:0.20767,((sp1:0.21791,(sp13:0.03471,
sp14:0.07177):0.04063):0.05062,sp12:0.11184):0.04726):0.03822):0.03501):0.10316):0.01696,
sp15:0.22780):0.02035,sp7:0.39955):0.07872,(sp6:0.52662,
sp16:0.31260):0.02914):0.04337):0.04568,sp2:0.68863);
