(sp3:0.36332,((((((sp11:0.51353,(sp10:0.52141,((sp9:0.32854,
((sp1:0.17584,(sp13:0.04869,sp14:0.06871):0.03160):0.03975,
sp12:0.09484):0.03420):0.01937,sp8:0.15515):0.12396):0.05197):0.02547,
sp15:0.23053):0.03044,sp7:0.36042):0.02065,sp16:0.33634):0.03355,
sp6:0.54477):0.01528,(sp4:0.19605,sp5:0.16220):0.05383):0.07684,sp2:0.85430);
