(sp3:0.38486,(((sp11:0.45008,((sp10:0.44694,(sp9:0.29224,
(sp8:0.16960,((sp1:0.22339,(sp14:0.03781,sp13:0.02911):0.05184):0.02051,
sp12:0.14902):0.05132):0.01908):0.05319):0.06311,sp15:0.24031):0.01744):0.05790,
sp7:0.40733):0.01554,(sp6:0.57190,(sp16:0.38011,(sp5:0.15709,
sp4:0.23580):0.05796):0.01700):0.00928):0.07804,sp2:0.82772);
