((((sp11:0.55692,(sp10:0.43379,(sp9:0.31670,(sp8:0.18688,
((sp1:0.20006,(sp13:0.04809,sp14:0.07892):0.03267):0.03987,
sp12:0.12216):0.03493):0.01891):0.05213):0.10212):0.03800,
sp15:0.25465):0.03065,((sp6:0.47906,sp16:0.37610):0.02811,
sp7:0.40070):0.03149):0.01761,(sp3:0.37935,(sp5:0.19775,
sp4:0.22480):0.01322):0.04632,sp2:0.77706);
