(sp3:0.27310,(sp6:0.52033,(((((sp11:0.56663,sp15:0.20381):0.02975,
(sp10:0.47325,((sp9:0.26535,((sp1:0.18921,(sp14:0.05372,
sp13:0.03421):0.03397):0.04572,sp12:0.14686):0.04175):0.01244,
sp8:0.21967):0.05092):0.12491):0.02797,sp7:0.37191):0.03937,
sp16:0.35988):0.03679,(sp5:0.13546,sp4:0.18976):0.05230):0.01907):0.03496,sp2:0.85699);
