(sp6:0.40740,(((sp3:0.25983,sp4:0.19988):0.04138,sp5:0.20989):0.05007,
((sp7:0.40030,((sp11:0.45382,(sp10:0.35222,((sp9:0.31717,
sp8:0.18255):0.00812,((sp1:0.23674,(sp13:0.03522,sp14:0.07222):0.01391):0.05049,
sp12:0.11955):0.05786):0.05074):0.08231):0.02541,sp15:0.22792):0.05513):0.02993,
sp16:0.36774):0.01429):0.02550,sp2:0.95864);
