(sp3:0.28670,((((((sp11:0.53910,(sp10:0.42809,(sp9:0.37029,
(sp8:0.16508,((sp1:0.15868,(sp13:0.04449,sp14:0.05165):0.02729):0.01382,
sp12:0.09880):0.04211):0.03542):0.07017):0.05320):0.04890,
sp15:0.19566):0.04801,sp7:0.47342):0.01276,sp16:0.34562):0.04889,
sp6:0.55955):0.00696,(sp4:0.19256,sp5:0.13887):0.05232):0.02014,sp2:0.79421);
