((sp3:0.36839,(sp4:0.24604,sp5:0.21165):0.01512):0.02616,
(sp6:0.48498,(sp16:0.35072,(sp7:0.40110,((sp11:0.44628,(((sp9:0.39795,
sp8:0.20865):0.01073,((sp1:0.20599,(sp13:0.03863,sp14:0.04808):0.02636):0.07277,
sp12:0.13822):0.03854):0.05561,sp10:0.40586):0.07026):0.05749,
sp15:0.26661):0.01089):0.02811):0.02854):0.02429,sp2:0.87020);
