(sp3:0.34817,((sp5:0.20034,sp4:0.25672):0.04958,((((sp11:0.57608,
sp6:0.51137):0.05832,(sp10:0.46342,(sp9:0.33903,(sp8:0.20711,
((sp1:0.23373,(sp13:0.03920,sp14:0.05009):0.04599):0.05060,
sp12:0.12088):0.01389):0.04047):0.05299):0.09170):0.01194,
sp15:0.25284):0.02647,(sp7:0.36749,sp16:0.36562):0.00873):0.02251):0.08121,sp2:0.86250);
