(sp3:0.32440,((sp4:0.23762,sp5:0.17168):0.06611,((((sp11:0.47088,
(sp10:0.43775,((sp9:0.31510,((sp1:0.19803,(sp14:0.04400,
sp13:0.02441):0.02933):0.02684,sp12:0.11653):0.03275):0.01531,
sp8:0.21587):0.04865):0.09644):0.03042,sp15:0.19822):0.02617,
sp7:0.41827):0.02629,(sp6:0.54798,sp16:0.42983):0.01349):0.03339):0.02902,sp2:0.81698);
