(sp16:0.37416,((((sp11:0.54024,(sp10:0.43044,((sp9:0.32443,
((sp1:0.18503,(sp13:0.03543,sp14:0.07326):0.04765):0.03695,
sp12:0.11416):0.04010):0.01183,sp8:0.19074):0.05455):0.08089):0.03495,
sp15:0.23101):0.03078,sp7:0.53047):0.08103,((sp6:0.49637,
sp5:0.18068):0.01182,(sp3:0.32462,sp4:0.25217):0.02847):0.01102):0.05185,sp2:0.78149);
