(sp6:0.49107,(sp3:0.29342,(sp16:0.44349,(((sp11:0.59032,
((sp10:0.44954,(sp9:0.35593,(sp8:0.17438,((sp1:0.22464,(sp13:0.03242,
sp14:0.07159):0.02924):0.05127,sp12:0.10339):0.04783):0.01528):0.06956):0.10975,
sp15:0.18406):0.01277):0.06811,sp7:0.37112):0.03000,(sp4:0.24810,
sp5:0.17096):0.01472):0.01531):0.01373):0.02613,sp2:0.79479);
