(sp3:0.31630,((sp4:0.21882,sp5:0.17472):0.04687,((((sp6:0.59258,
sp11:0.54836):0.02802,((sp10:0.53095,((sp9:0.33045,((sp1:0.22152,
(sp14:0.07677,sp13:0.03608):0.03131):0.07051,sp12:0.11356):0.02304):0.00993,
sp8:0.22367):0.07003):0.12968,sp15:0.25263):0.02596):0.01678,
sp7:0.41298):0.00533,sp16:0.29813):0.02491):0.04110,sp2:0.74887);
