(sp3:0.31758,((((((sp11:0.53981,(sp10:0.35094,((sp9:0.30252,
((sp1:0.20068,(sp13:0.01976,sp14:0.08800):0.03718):0.02586,
sp12:0.11387):0.02835):0.00691,sp8:0.14790):0.11114):0.05670):0.07477,
sp15:0.20694):0.04922,sp7:0.48068):0.02060,sp16:0.35991):0.02442,
sp6:0.48931):0.00912,(sp5:0.16331,sp4:0.24310):0.03788):0.07427,sp2:0.78093);
