(sp3:0.33719,(((((sp11:0.60645,sp7:0.37110):0.02982,((sp10:0.43485,
(sp9:0.32336,(sp8:0.20679,((sp1:0.17891,(sp14:0.06915,sp13:0.03046):0.03457):0.05530,
sp12:0.12135):0.04344):0.02712):0.07405):0.10946,sp15:0.21188):0.02016):0.04665,
sp16:0.35110):0.06232,(sp5:0.21019,sp4:0.21515):0.03271):0.01184,
sp6:0.45725):0.04119,sp2:0.71705);
