(sp3:0.27886,((sp4:0.21362,sp5:0.15562):0.07121,(((sp11:0.58923,
((sp10:0.53283,(sp9:0.35379,(sp8:0.17911,((sp1:0.21409,(sp13:0.05501,
sp14:0.04852):0.03940):0.03122,sp12:0.10674):0.05560):0.05579):0.09691):0.07556,
sp15:0.21725):0.02243):0.08535,sp6:0.62250):0.02124,(sp7:0.37024,
sp16:0.31936):0.03451):0.04235):0.04792,sp2:0.83866);
