(sp3:0.32931,((((((sp11:0.62391,(sp10:0.54337,((sp9:0.35451,
((sp1:0.18341,(sp13:0.03509,sp14:0.04675):0.03880):0.02539,
sp12:0.11241):0.01326):0.01369,sp8:0.17976):0.11544):0.05360):0.05144,
sp15:0.26155):0.04375,sp7:0.44704):0.03270,sp16:0.34235):0.04630,
sp6:0.55506):0.01280,(sp5:0.20066,sp4:0.24492):0.05812):0.02930,sp2:0.81388);
