(sp3:0.34727,((((sp11:0.52761,sp15:0.19309):0.02137,(sp10:0.38843,
((sp9:0.29857,((sp1:0.17578,(sp14:0.05997,sp13:0.02830):0.00787):0.04238,
sp12:0.09494):0.06905):0.02162,sp8:0.17938):0.06634):0.09615):0.02170,
sp7:0.41439):0.01423,((sp6:0.47137,(sp5:0.15816,sp4:0.19783):0.03139):0.02075,
sp16:0.30633):0.00663):0.11070,sp2:0.82877);
