(sp6:0.38168,((sp7:0.45106,(((sp11:0.45641,sp15:0.22800):0.02839,
(sp10:0.47074,((sp9:0.35114,(((sp1:0.17119,sp14:0.06077):0.01671,
sp13:0.06687):0.03116,sp12:0.11102):0.04022):0.03175,sp8:0.21279):0.04963):0.08589):0.03886,
sp16:0.35734):0.02544):0.02437,(sp3:0.35788,(sp4:0.20122,
sp5:0.17746):0.04287):0.00889):0.07207,sp2:0.76013);
