(sp6:0.51855,(sp7:0.39516,(((sp11:0.45018,(sp10:0.48219,
((sp9:0.33858,((sp1:0.21127,(sp13:0.01853,sp14:0.05330):0.02628):0.04163,
sp12:0.09074):0.03150):0.01098,sp8:0.15389):0.04462):0.10335):0.03242,
sp15:0.18103):0.04810,(sp16:0.31008,((sp3:0.38228,sp5:0.16961):0.01243,
sp4:0.23665):0.04974):0.02322):0.00531):0.04491,sp2:0.73587);
