(sp6:0.47115,(sp3:0.32357,((((((sp11:0.54693,(sp10:0.43604,
(sp9:0.30718,(sp8:0.22705,((sp1:0.22394,(sp14:0.07349,sp13:0.03980):0.01154):0.02713,
sp12:0.10996):0.02606):0.02889):0.08599):0.13091):0.01343,
sp15:0.24593):0.03421,sp7:0.36778):0.04160,sp16:0.35929):0.01530,
sp5:0.20228):0.02512,sp4:0.19451):0.01562):0.03236,sp2:0.82097);
