(sp3:0.28098,((((((sp11:0.59333,((sp10:0.43414,sp9:0.34142):0.04407,
(sp8:0.21367,((sp1:0.19689,(sp13:0.02962,sp14:0.06825):0.03139):0.03497,
sp12:0.13998):0.02473):0.04714):0.08074):0.01033,sp15:0.23129):0.06223,
sp7:0.40654):0.00777,sp16:0.35518):0.06829,(sp4:0.23149,
sp5:0.16088):0.03186):0.01480,sp6:0.46641):0.03081,sp2:0.73737);
