(sp3:0.36320,((sp4:0.23289,sp5:0.16824):0.03117,(sp6:0.57416,
(sp16:0.30646,(((sp11:0.40633,(sp10:0.43648,((sp9:0.29411,
sp8:0.14891):0.01128,((sp1:0.21300,(sp13:0.03207,sp14:0.06853):0.01750):0.06936,
sp12:0.09666):0.03553):0.10132):0.04051):0.03737,sp15:0.23178):0.03571,
sp7:0.40540):0.01179):0.01288):0.04521):0.05558,sp2:0.76720);
