(sp3:0.34524,((sp5:0.15200,sp4:0.23644):0.02157,((sp6:0.53723,
sp16:0.41415):0.01151,(((sp11:0.57417,sp15:0.19698):0.02206,
(sp10:0.46375,((sp9:0.23466,((sp1:0.17976,(sp13:0.03148,
sp14:0.04893):0.01373):0.05516,sp12:0.09439):0.06552):0.04544,
sp8:0.19129):0.05315):0.08499):0.03836,sp7:0.40623):0.00708):0.04701):0.03946,sp2:0.93120);
