(sp3:0.26812,((sp5:0.18493,sp4:0.19578):0.06265,((((sp11:0.50404,
sp15:0.18705):0.01095,(sp10:0.43994,(sp9:0.27729,(sp8:0.13514,
((sp1:0.20764,(sp13:0.04113,sp14:0.06864):0.01782):0.03632,
sp12:0.09431):0.06196):0.01878):0.04787):0.07578):0.08923,
sp7:0.39857):0.01466,(sp6:0.49939,sp16:0.40579):0.01258):0.02626):0.06811,sp2:0.90381);
