(sp3:0.29637,((((((sp11:0.48692,(sp10:0.45802,(sp9:0.28022,
(((sp1:0.27080,(sp13:0.04277,sp14:0.07521):0.01910):0.04749,
sp12:0.10461):0.03516,sp8:0.15207):0.02280):0.06046):0.03098):0.08268,
sp15:0.22983):0.05279,sp16:0.38208):0.02879,sp7:0.43865):0.04627,
sp6:0.46941):0.01855,(sp5:0.17765,sp4:0.20361):0.04439):0.05042,sp2:0.72155);
