(sp3:0.31204,((((((sp11:0.50166,((sp9:0.39526,((sp1:0.22112,
(sp12:0.12769,(sp13:0.04630,sp14:0.06154):0.04085):0.02211):0.04615,
sp8:0.18335):0.03770):0.02931,sp10:0.36825):0.10605):0.04750,
sp15:0.21367):0.03360,sp7:0.44400):0.03198,sp16:0.40157):0.03157,
sp6:0.45936):0.03236,(sp4:0.22242,sp5:0.18430):0.01088):0.10348,sp2:0.78402);
