(sp3:0.32730,((sp16:0.35897,(sp4:0.19598,sp5:0.16931):0.05619):0.03067,
((sp11:0.52132,sp6:0.53252):0.01661,(((sp10:0.46873,((sp9:0.33325,
sp8:0.22640):0.00458,(((sp1:0.23871,sp13:0.03905):0.00312,
sp14:0.09083):0.06394,sp12:0.12752):0.06011):0.09135):0.10404,
sp15:0.22026):0.02972,sp7:0.45092):0.02457):0.03425):0.06300,sp2:0.70362);
