(sp3:0.34346,((sp4:0.21728,sp5:0.16132):0.03285,(((((sp11:0.66770,
(sp10:0.39053,(sp9:0.33852,(sp8:0.21897,((sp1:0.19710,(sp13:0.04003,
sp14:0.05201):0.03181):0.04902,sp12:0.13665):0.02373):0.03035):0.04433):0.15150):0.02698,
sp15:0.26199):0.02696,sp7:0.45247):0.03111,sp16:0.41253):0.03918,
sp6:0.42796):0.01126):0.02173,sp2:0.82489);
