(sp3:0.30858,(sp6:0.50439,((((((sp11:0.47357,(sp10:0.43545,
(sp9:0.32958,(sp8:0.18741,((sp1:0.21738,(sp13:0.03778,sp14:0.07327):0.01508):0.04874,
sp12:0.12691):0.04079):0.06361):0.05474):0.07120):0.03893,
sp15:0.20446):0.05637,sp7:0.42104):0.04996,sp16:0.37243):0.02821,
sp5:0.16949):0.01510,sp4:0.20471):0.01444):0.07280,sp2:0.76583);
