(sp3:0.28231,((sp6:0.48060,(sp5:0.18051,sp4:0.21507):0.03248):0.03851,
(sp16:0.32256,(((sp10:0.52333,((sp9:0.27616,(((sp1:0.22873,
sp13:0.03748):0.01201,sp14:0.05719):0.06241,sp12:0.10515):0.02726):0.04378,
sp8:0.20298):0.03526):0.02209,sp11:0.49392):0.06199,(sp7:0.39568,
sp15:0.23664):0.01401):0.01519):0.01966):0.04943,sp2:0.89452);
