(sp3:0.29649,((sp11:0.55432,sp6:0.42120):0.04853,((sp4:0.24404,
sp5:0.18067):0.02806,((sp7:0.36991,sp16:0.33706):0.03959,
((sp10:0.37689,((sp9:0.34259,((sp1:0.20496,(sp13:0.03475,
sp14:0.07540):0.02135):0.05644,sp12:0.13097):0.02588):0.00696,
sp8:0.17764):0.05427):0.10531,sp15:0.20136):0.03680):0.01479):0.01890):0.04908,sp2:0.77954);
