((sp6:0.45394,sp3:0.33950):0.02099,(((sp7:0.47002,(sp11:0.49988,
((sp10:0.49671,((sp9:0.35012,((sp1:0.20065,(sp14:0.06167,
sp13:0.04334):0.04139):0.03567,sp12:0.16307):0.04841):0.02002,
sp8:0.24484):0.04442):0.12946,sp15:0.27620):0.00889):0.00940):0.05369,
sp16:0.40175):0.04216,(sp4:0.25796,sp5:0.17304):0.02255):0.00883,sp2:0.77164);
