(sp3:0.38033,((sp6:0.48993,(sp5:0.16696,sp4:0.23786):0.05538):0.02143,
(((((sp10:0.58082,((sp9:0.47111,((sp1:0.18045,(sp14:0.04963,
sp13:0.03485):0.02977):0.05236,sp12:0.10802):0.07923):0.01897,
sp8:0.16189):0.09474):0.04329,sp11:0.55899):0.07295,sp15:0.22909):0.01919,
sp7:0.39619):0.03845,sp16:0.39626):0.01979):0.12163,sp2:0.79573);
