(sp3:0.31896,(((((sp11:0.46044,(sp10:0.41546,(sp9:0.35463,
(sp8:0.20691,((sp1:0.14925,(sp13:0.03278,sp14:0.06426):0.03812):0.01893,
sp12:0.11387):0.04150):0.04809):0.05702):0.08434):0.04056,
sp15:0.28004):0.04865,(sp7:0.41756,sp16:0.36676):0.01942):0.05473,
sp6:0.43938):0.01107,(sp5:0.20051,sp4:0.18238):0.04544):0.06608,sp2:0.81920);
