(sp3:0.32017,((sp5:0.19026,sp4:0.21350):0.03543,((sp6:0.54026,
sp16:0.34588):0.03473,(((sp11:0.52719,(sp10:0.52742,(sp9:0.28248,
(sp8:0.18917,((sp1:0.18398,(sp13:0.01655,sp14:0.05477):0.02995):0.01783,
sp12:0.08157):0.03266):0.00543):0.09959):0.07680):0.03007,
sp15:0.24068):0.02223,sp7:0.44282):0.01340):0.05534):0.03233,sp2:0.86364);
