(sp3:0.28487,(((sp6:0.63516,sp7:0.40133):0.02454,(sp5:0.16121,
sp4:0.18878):0.03767):0.01564,(((sp11:0.48936,sp15:0.22987):0.01703,
(sp10:0.47375,(sp9:0.33403,(sp8:0.17382,(((sp1:0.16443,sp14:0.08843):0.01657,
sp13:0.02379):0.05733,sp12:0.10541):0.03461):0.04467):0.05712):0.09989):0.04688,
sp16:0.40530):0.00821):0.05908,sp2:0.89458);
