((((sp11:0.59320,(sp10:0.44531,(sp9:0.35417,(sp8:0.18208,
((sp1:0.18591,(sp13:0.03926,sp14:0.06577):0.02637):0.05098,
sp12:0.14871):0.05565):0.02203):0.07374):0.10246):0.06166,
sp15:0.23544):0.03705,sp7:0.47332):0.02916,((sp6:0.51945,
sp16:0.38108):0.04375,(sp3:0.30745,(sp5:0.20558,sp4:0.21057):0.03274):0.00356):0.02331,sp2:0.88473);
