(sp3:0.35111,((sp5:0.17044,sp4:0.22720):0.02975,((sp6:0.51148,
sp16:0.41534):0.02738,(((sp11:0.50889,(sp10:0.42492,((sp9:0.30677,
((sp1:0.20523,(sp14:0.05485,sp13:0.04330):0.03455):0.03472,
sp12:0.13174):0.03654):0.01262,sp8:0.15295):0.10226):0.03193):0.04070,
sp15:0.22437):0.06339,sp7:0.50898):0.01734):0.05072):0.03332,sp2:0.80630);
