(sp3:0.32647,(sp6:0.53138,((((((sp11:0.58190,(sp10:0.46236,
(sp9:0.29876,(sp8:0.14396,((sp1:0.17732,(sp14:0.06338,sp13:0.02639):0.02069):0.04340,
sp12:0.11565):0.06182):0.01420):0.05751):0.07863):0.03789,
sp15:0.21977):0.06009,sp7:0.34948):0.02910,sp16:0.40984):0.02421,
sp5:0.15859):0.01716,sp4:0.28842):0.02841):0.03172,sp2:0.71374);
