(sp3:0.26393,((((((sp11:0.55435,(sp10:0.47695,((sp9:0.30618,
((sp1:0.17248,(sp14:0.07094,sp13:0.03670):0.03439):0.04566,
sp12:0.11543):0.04518):0.03546,sp8:0.23290):0.03445):0.10384):0.01067,
sp15:0.25869):0.05626,sp7:0.42164):0.02051,sp16:0.43296):0.04591,
sp6:0.49468):0.00924,(sp4:0.21625,sp5:0.16439):0.03659):0.03684,sp2:0.90249);
