(((((sp11:0.57356,(sp10:0.39475,(sp9:0.29873,(sp8:0.19184,
((sp1:0.21773,(sp14:0.08416,sp13:0.04971):0.02892):0.02838,
sp12:0.10892):0.04765):0.01699):0.02843):0.16396):0.02520,
sp15:0.23931):0.05544,(sp16:0.37567,sp7:0.39448):0.03082):0.00983,
sp6:0.56874):0.06071,(sp3:0.31574,(sp4:0.27436,sp5:0.18023):0.00885):0.02611,sp2:0.72128);
