(sp6:0.44928,((sp7:0.42860,(sp16:0.40524,(sp3:0.34888,(sp4:0.25803,
sp5:0.20554):0.01846):0.03103):0.02452):0.00854,(sp11:0.49814,
((sp10:0.38805,(sp9:0.31304,(sp8:0.15750,((sp1:0.20104,(sp14:0.07966,
sp13:0.03711):0.02175):0.03624,sp12:0.13857):0.03186):0.03125):0.04772):0.09227,
sp15:0.19943):0.02167):0.03715):0.07320,sp2:0.84518);
