(sp3:0.31659,((sp4:0.24560,sp5:0.15600):0.04300,(sp6:0.49965,
((((sp11:0.50328,(sp10:0.45598,((sp9:0.29182,(sp8:0.19595,
sp12:0.13928):0.01886):0.01973,(sp1:0.19429,(sp13:0.02130,
sp14:0.09032):0.03454):0.05168):0.06963):0.07257):0.04791,
sp15:0.26318):0.02232,sp7:0.47353):0.01551,sp16:0.33344):0.02972):0.02422):0.06301,sp2:0.75084);
