(sp3:0.31160,(((((sp11:0.51522,(sp10:0.42412,(sp9:0.41126,
(sp8:0.18260,((sp1:0.20637,(sp14:0.06168,sp13:0.03920):0.01169):0.04025,
sp12:0.12589):0.04492):0.02220):0.08848):0.06483):0.04579,
sp15:0.23905):0.02598,(sp7:0.36526,sp16:0.35676):0.03096):0.03955,
sp6:0.47337):0.00973,(sp4:0.21725,sp5:0.19882):0.02441):0.09642,sp2:0.87091);
