(sp3:0.29799,((((((sp11:0.52473,(sp10:0.40227,(((sp9:0.33472,
(sp1:0.19533,(sp14:0.08309,sp13:0.03663):0.01007):0.06491):0.01802,
sp12:0.13355):0.02026,sp8:0.19179):0.05062):0.03407):0.08722,
sp15:0.21466):0.02640,sp7:0.39761):0.03531,sp16:0.36474):0.03810,
sp6:0.45642):0.02764,(sp5:0.17591,sp4:0.25692):0.01868):0.00380,sp2:0.90838);
