(sp3:0.34850,((sp4:0.24074,sp5:0.18206):0.01632,((sp6:0.58681,
sp7:0.47953):0.01627,(((sp11:0.61247,(sp10:0.40399,(sp9:0.31069,
(sp8:0.19931,(((sp1:0.17925,sp14:0.06684):0.00730,sp13:0.05307):0.04901,
sp12:0.11472):0.04396):0.01021):0.06851):0.10774):0.03527,
sp15:0.23624):0.02734,sp16:0.34503):0.00400):0.03552):0.04778,sp2:0.88551);
