((sp9:0.13891,(((((((sp3:0.15014,sp2:0.38544):0.04251,((sp5:0.05248,
sp4:0.09342):0.01181,sp6:0.23871):0.01954):0.04539,sp16:0.19287):0.01580,
sp7:0.21586):0.00667,sp15:0.07208):0.01418,sp11:0.25907):0.06562,
sp10:0.20558):0.02609):0.00593,(sp12:0.06084,((sp1:0.08397,
sp14:0.02351):0.00802,sp13:0.01554):0.01214):0.01931,sp8:0.08710);
