(((sp9:0.15554,(sp1:0.09870,(sp14:0.01874,sp13:0.01125):0.00799):0.04124):0.01028,
sp12:0.07339):0.01870,(sp10:0.18015,(sp11:0.20550,(((((sp3:0.13619,
sp2:0.44143):0.05244,(sp5:0.07411,sp4:0.09150):0.00789):0.00835,
sp6:0.25766):0.03533,(sp16:0.17827,sp7:0.18429):0.01837):0.01158,
sp15:0.08230):0.00802):0.10714):0.03927,sp8:0.10481);
