((sp12:0.06046,((sp13:0.01019,sp14:0.02995):0.00874,sp1:0.10338):0.04929):0.02298,
(sp9:0.12731,(sp10:0.22904,(sp11:0.27472,((((((sp4:0.10621,
sp5:0.06204):0.03536,(sp2:0.44988,sp3:0.19054):0.02889):0.03654,
sp6:0.30420):0.05214,sp16:0.18327):0.01136,sp7:0.15835):0.00086,
sp15:0.09946):0.02135):0.03253):0.02725):0.00563,sp8:0.09594);
