(((((((sp3:0.16258,sp2:0.36674):0.07753,(((sp4:0.10093,sp5:0.05674):0.01898,
sp6:0.22703):0.02056,sp16:0.20665):0.00806):0.01873,sp7:0.18638):0.05814,
sp15:0.07214):0.01446,sp11:0.21331):0.07910,sp10:0.20262):0.00647,
(sp9:0.14888,(sp12:0.04462,((sp13:0.01296,sp14:0.01037):0.00717,
sp1:0.08961):0.01077):0.00563):0.03999,sp8:0.05568);
