((sp12:0.05393,(sp1:0.10342,(sp14:0.01745,sp13:0.00482):0.01589):0.02336):0.01766,
(sp9:0.17714,(sp10:0.24653,(sp11:0.27846,(((((((sp3:0.18808,
sp2:0.57000):0.02968,sp4:0.11694):0.01071,sp5:0.08471):0.01872,
sp6:0.27186):0.01421,sp16:0.16375):0.02416,sp7:0.24811):0.00732,
sp15:0.09751):0.01824):0.05686):0.04987):0.00613,sp8:0.09356);
