(((((((((((sp3:0.10923,sp2:0.52905):0.03942,sp4:0.08634):0.00780,
sp5:0.06073):0.02919,sp6:0.23494):0.01673,sp16:0.21286):0.01699,
sp7:0.21646):0.02384,sp15:0.08554):0.02055,sp11:0.23411):0.04715,
sp10:0.26896):0.01110,sp12:0.06543):0.00718,(sp9:0.14476,
((sp13:0.01188,sp14:0.02490):0.00719,sp1:0.06454):0.03043):0.00351,sp8:0.06761);
