(sp9:0.14745,(((((((((sp3:0.12328,sp2:0.48044):0.06671,(sp5:0.05805,
sp4:0.11350):0.02207):0.02072,sp6:0.21466):0.01503,sp7:0.22106):0.00343,
sp16:0.18342):0.03999,sp15:0.08281):0.02737,sp11:0.27175):0.03734,
sp10:0.21050):0.02832,(sp12:0.04267,(sp1:0.11995,(sp14:0.03932,
sp13:0.02542):0.00601):0.02063):0.01052):0.00294,sp8:0.08958);
