((sp9:0.12431,((((((((sp3:0.14754,sp2:0.44691):0.06313,sp6:0.25823):0.01020,
(sp4:0.13861,sp5:0.13137):0.01067):0.04959,sp16:0.15680):0.01261,
sp7:0.21807):0.03716,sp15:0.08819):0.01049,sp11:0.30983):0.07889,
sp10:0.22572):0.02271):0.00619,(sp12:0.03870,((sp13:0.01592,
sp14:0.04134):0.00983,sp1:0.08629):0.01679):0.01516,sp8:0.09357);
