((sp12:0.05609,((sp13:0.01331,sp14:0.03135):0.00892,sp1:0.10963):0.03272):0.03361,
(sp9:0.19097,(sp10:0.23131,(sp11:0.29754,(((((sp4:0.08461,
sp5:0.08283):0.03306,((sp2:0.47540,sp3:0.15146):0.03748,
sp6:0.23741):0.02338):0.03098,sp16:0.18337):0.01362,sp7:0.20261):0.02987,
sp15:0.07882):0.01151):0.05099):0.01560):0.01167,sp8:0.09327);
