(((sp9:0.19806,(sp12:0.07008,((sp13:0.01761,sp14:0.03360):0.01150,
sp1:0.13933):0.02595):0.01681):0.01894,(sp11:0.28641,(((((sp4:0.09553,
((sp2:0.51052,sp3:0.14878):0.03645,sp5:0.07128):0.01185):0.01499,
sp6:0.23548):0.02989,sp16:0.19405):0.03328,sp7:0.16242):0.02484,
sp15:0.10802):0.01434):0.04551):0.00409,sp10:0.22639,sp8:0.08761);
