((sp9:0.15189,((((((((sp3:0.14446,sp2:0.42322):0.04203,(sp5:0.07204,
sp4:0.09302):0.01577):0.03321,sp6:0.20640):0.01310,sp16:0.20351):0.02662,
sp7:0.20083):0.02153,sp15:0.14492):0.03232,sp11:0.25848):0.03993,
sp10:0.24569):0.02890):0.02392,(sp12:0.05356,(sp1:0.12196,
(sp14:0.01772,sp13:0.00891):0.00341):0.03735):0.01403,sp8:0.08174);
