((sp9:0.20806,(sp12:0.04614,((sp13:0.01668,sp14:0.03700):0.00928,
sp1:0.08530):0.01734):0.01080):0.01271,((((((sp3:0.15213,
sp2:0.49257):0.05256,(sp4:0.10275,(sp5:0.05429,sp6:0.25239):0.01122):0.00951):0.03391,
(sp16:0.19111,sp7:0.24407):0.00858):0.04101,sp11:0.29314):0.02977,
sp15:0.11339):0.06573,sp10:0.22970):0.00745,sp8:0.09776);
