((sp9:0.22980,(((((((sp3:0.16685,sp2:0.44757):0.01884,(sp5:0.07022,
sp4:0.11539):0.02878):0.02594,sp6:0.26912):0.02099,sp16:0.19251):0.01779,
sp7:0.24262):0.02411,(sp11:0.28780,sp15:0.10236):0.00716):0.06678,
sp10:0.26764):0.01928):0.01370,(sp12:0.04279,((sp1:0.12993,
sp14:0.03897):0.01239,sp13:0.01682):0.00672):0.02999,sp8:0.08909);
