((sp9:0.17995,(sp12:0.03253,(sp13:0.01424,(sp14:0.01974,
sp1:0.11074):0.00337):0.03929):0.01277):0.00805,(sp10:0.22930,
(sp11:0.27492,(sp15:0.11581,(sp7:0.21663,((((sp3:0.16790,
sp2:0.41709):0.02260,sp6:0.26783):0.01196,(sp4:0.09108,sp5:0.08343):0.03100):0.00476,
sp16:0.15583):0.02355):0.00844):0.02936):0.01243):0.03096,sp8:0.06755);
