((sp12:0.04627,(sp13:0.01327,(sp14:0.03190,sp1:0.08269):0.00603):0.03737):0.00759,
(sp9:0.16983,(sp10:0.22172,(sp15:0.08961,(((((((sp3:0.19251,
sp5:0.07738):0.01067,sp4:0.11802):0.01073,sp2:0.45768):0.02105,
sp16:0.23244):0.01124,sp6:0.21234):0.02027,sp7:0.20553):0.00297,
sp11:0.29350):0.00595):0.05557):0.01904):0.00729,sp8:0.07535);
