(((sp9:0.18101,((sp13:0.01381,sp14:0.02948):0.01096,sp1:0.09017):0.01148):0.00537,
(((((((((sp3:0.16701,sp2:0.47430):0.02741,sp4:0.10616):0.00636,
sp5:0.09722):0.02299,sp6:0.24002):0.01759,sp16:0.18749):0.02204,
sp7:0.23994):0.03550,sp15:0.07394):0.00546,sp11:0.29672):0.03308,
sp10:0.26656):0.01917):0.00511,sp12:0.05820,sp8:0.11972);
