((sp9:0.16450,((((((((sp3:0.17560,(sp5:0.05716,sp4:0.09080):0.02586):0.02003,
sp6:0.20329):0.01536,sp16:0.18050):0.00606,sp2:0.43988):0.02544,
sp7:0.25224):0.03534,sp15:0.13618):0.01660,sp11:0.30793):0.02975,
sp10:0.22381):0.03773):0.00863,(sp12:0.05186,((sp1:0.10151,
sp14:0.02994):0.00748,sp13:0.02054):0.00737):0.02749,sp8:0.11045);
