((sp12:0.07780,((sp1:0.11623,sp13:0.01871):0.00436,sp14:0.04012):0.01723):0.01144,
(sp9:0.18801,(((((((((sp3:0.15339,sp2:0.46408):0.05304,sp4:0.11754):0.00949,
sp5:0.07576):0.01877,sp6:0.27027):0.01991,sp16:0.18049):0.02010,
sp7:0.18001):0.01178,sp15:0.11073):0.01611,sp11:0.34994):0.05709,
sp10:0.25586):0.02793):0.00346,sp8:0.09642);
