((sp9:0.18475,(sp12:0.05423,((sp13:0.00932,sp14:0.04054):0.00998,
sp1:0.11531):0.02282):0.01330):0.01008,(((sp11:0.24097,sp7:0.17564):0.01301,
(((((sp4:0.08344,sp5:0.09641):0.01600,(sp2:0.53717,sp3:0.14732):0.00323):0.04335,
sp6:0.22871):0.03130,sp16:0.21360):0.02702,sp15:0.09837):0.00657):0.07468,
sp10:0.35184):0.00234,sp8:0.10537);
