((sp9:0.17951,(((((((sp3:0.17051,sp2:0.39829):0.05078,(sp4:0.09703,
sp5:0.08573):0.01304):0.01640,sp6:0.21054):0.04051,(sp16:0.15891,
sp7:0.22486):0.00826):0.02444,sp15:0.11959):0.02175,sp11:0.25228):0.04686,
sp10:0.26612):0.02597):0.00708,(sp12:0.04833,(sp13:0.01579,
(sp14:0.02569,sp1:0.11860):0.00226):0.02575):0.01862,sp8:0.08798);
