(((sp9:0.16655,sp12:0.06888):0.01450,((((((((sp3:0.19757,
sp2:0.43344):0.05509,(sp4:0.09674,sp5:0.07095):0.01112):0.01691,
sp6:0.26421):0.03158,sp16:0.21831):0.01596,sp7:0.22264):0.03493,
sp15:0.11649):0.01366,sp11:0.23408):0.07837,sp10:0.22691):0.03677):0.00348,
((sp13:0.01524,sp14:0.02253):0.00936,sp1:0.10380):0.02290,sp8:0.09681);
