((sp9:0.19263,(sp12:0.02514,(sp13:0.00890,(sp14:0.05424,
sp1:0.06986):0.00520):0.02801):0.01134):0.00530,(((((((sp3:0.14660,
sp2:0.42943):0.03932,(sp4:0.08910,sp5:0.07064):0.01736):0.01339,
sp6:0.24009):0.03216,(sp16:0.17883,sp7:0.22176):0.00788):0.03269,
sp15:0.10474):0.00598,sp11:0.24306):0.05827,sp10:0.24038):0.02438,sp8:0.09987);
