((sp9:0.15375,sp10:0.16318):0.00621,((sp12:0.02747,(sp13:0.00728,
(sp14:0.04888,sp1:0.06617):0.00481):0.01757):0.02503,(((sp11:0.26479,
sp7:0.18787):0.00359,((((sp4:0.08093,sp5:0.06969):0.01934,
sp6:0.20700):0.00787,(sp2:0.44255,sp3:0.13461):0.03459):0.02509,
sp16:0.12429):0.00777):0.00344,sp15:0.07175):0.07314):0.00564,sp8:0.05817);
