(sp9:0.17347,(((((((((sp3:0.18601,sp2:0.51495):0.03193,sp6:0.25120):0.02241,
(sp5:0.08289,sp4:0.10242):0.01821):0.04012,sp16:0.20520):0.01869,
sp7:0.21014):0.03450,sp15:0.09595):0.02057,sp11:0.26850):0.05933,
sp10:0.28763):0.02302,(sp12:0.04441,(sp1:0.11346,(sp14:0.02175,
sp13:0.00740):0.00491):0.02378):0.01776):0.00784,sp8:0.07773);
