((sp9:0.14781,((((((((sp3:0.11574,sp2:0.42192):0.07852,(sp4:0.08782,
sp5:0.08991):0.01386):0.01180,sp6:0.26918):0.04627,sp16:0.19492):0.01620,
sp7:0.25481):0.03547,sp15:0.09816):0.01456,sp11:0.29076):0.04973,
sp10:0.20983):0.01890):0.00258,(sp12:0.05927,((sp13:0.01093,
sp14:0.03880):0.00314,sp1:0.09947):0.02282):0.01678,sp8:0.07453);
