((sp12:0.05889,((sp13:0.01187,sp14:0.03086):0.00385,sp1:0.12907):0.03028):0.02021,
(sp9:0.17863,(((((((((sp3:0.13645,sp2:0.42672):0.03596,sp5:0.09128):0.01463,
sp4:0.11458):0.00911,sp6:0.31614):0.03788,sp16:0.20883):0.01831,
sp7:0.22797):0.03735,sp15:0.08892):0.01152,sp11:0.26134):0.04800,
sp10:0.21230):0.04597):0.00156,sp8:0.09147);
