((sp9:0.11542,((sp12:0.04670,sp1:0.09958):0.00586,(sp13:0.02006,
sp14:0.03508):0.01426):0.03731):0.01367,(((sp11:0.29098,
(((((sp4:0.10469,sp5:0.08191):0.02193,(sp2:0.46884,sp3:0.16494):0.03608):0.01811,
sp6:0.25542):0.01722,sp16:0.17736):0.01500,sp7:0.21532):0.01953):0.00972,
sp15:0.12324):0.03379,sp10:0.21637):0.00541,sp8:0.10374);
