(sp9:0.13023,(((((((((sp3:0.15550,sp2:0.42053):0.03899,(sp5:0.06721,
sp4:0.11631):0.00843):0.00430,sp6:0.23851):0.02908,sp16:0.17118):0.02637,
sp7:0.22467):0.01701,sp15:0.08729):0.01120,sp11:0.23564):0.07002,
sp10:0.22707):0.00981,(sp12:0.07538,((sp1:0.10634,sp14:0.03831):0.00353,
sp13:0.00573):0.02523):0.01268):0.00907,sp8:0.06888);
