(sp9:0.15815,((((((((sp3:0.12264,sp2:0.42845):0.07334,(sp5:0.05837,
sp4:0.09587):0.01819):0.02730,sp6:0.21738):0.02907,(sp16:0.15439,
sp7:0.16360):0.00922):0.03546,sp11:0.29991):0.01759,sp15:0.09921):0.06676,
sp10:0.25064):0.01569,(sp12:0.03048,(sp1:0.12610,(sp14:0.03296,
sp13:0.01704):0.00439):0.01414):0.01933):0.00076,sp8:0.05904);
