((sp12:0.05759,((sp1:0.14275,sp13:0.01568):0.00357,sp14:0.02487):0.03308):0.00633,
(sp9:0.18988,((((((((sp3:0.16779,sp2:0.42559):0.04663,(sp5:0.06963,
sp4:0.11039):0.01634):0.00823,sp6:0.24042):0.04417,sp7:0.21248):0.00450,
sp16:0.21828):0.04290,sp15:0.12872):0.02605,sp11:0.23278):0.06138,
sp10:0.27728):0.02560):0.00598,sp8:0.10745);
