(sp12:0.07544,((sp1:0.08899,(sp14:0.02149,sp13:0.01672):0.02168):0.03293,
(sp9:0.11901,(sp10:0.27898,(sp11:0.24359,((((((sp3:0.15107,
sp2:0.49562):0.01966,(sp5:0.08457,sp4:0.07821):0.02076):0.00692,
sp6:0.26659):0.03106,sp16:0.18280):0.01110,sp7:0.19432):0.00745,
sp15:0.08811):0.04496):0.05663):0.03252):0.00240):0.00703,sp8:0.07395);
