((sp9:0.15437,(((((((sp3:0.14458,sp2:0.45005):0.04179,(sp5:0.07766,
sp4:0.10554):0.01579):0.03343,(sp16:0.17467,sp6:0.22882):0.00406):0.02981,
sp7:0.22267):0.02000,sp15:0.09439):0.02288,sp11:0.26944):0.04269,
sp10:0.20049):0.03125):0.00901,(sp12:0.06592,((sp1:0.12327,
sp14:0.03682):0.00650,sp13:0.01219):0.02473):0.02279,sp8:0.07748);
