((((((((((sp3:0.13789,sp2:0.41471):0.04052,sp4:0.10471):0.02020,
sp5:0.10879):0.01207,sp6:0.30308):0.01770,sp16:0.20942):0.02714,
sp7:0.24320):0.01174,sp15:0.11175):0.02839,sp11:0.24625):0.07803,
sp10:0.28488):0.01155,(sp9:0.21789,(sp12:0.04296,(sp13:0.02299,
(sp14:0.03349,sp1:0.07775):0.00618):0.02490):0.02651):0.00746,sp8:0.11347);
