((sp9:0.14022,(sp12:0.05359,((sp1:0.10379,sp14:0.02270):0.01036,
sp13:0.02069):0.02554):0.02666):0.01627,(sp10:0.22358,(sp11:0.29790,
(((((sp3:0.11561,sp2:0.44192):0.05737,(sp5:0.04697,sp4:0.05413):0.01379):0.02131,
sp6:0.24400):0.01176,sp16:0.16039):0.01993,(sp7:0.18019,
sp15:0.08240):0.00488):0.01922):0.04916):0.03577,sp8:0.07601);
