((sp9:0.18263,(sp12:0.04694,(sp13:0.01185,(sp14:0.03195,
sp1:0.06948):0.00791):0.02308):0.01868):0.01268,(sp10:0.22248,
(sp11:0.23293,(sp15:0.08624,(sp7:0.20884,(sp16:0.15753,(((sp3:0.15241,
sp2:0.43926):0.04784,(sp4:0.10834,sp5:0.05212):0.01632):0.00606,
sp6:0.26746):0.00804):0.02321):0.00668):0.01308):0.08230):0.01406,sp8:0.07412);
