(((((((((sp3:0.14902,sp2:0.36817):0.05287,sp6:0.24866):0.00491,
(sp4:0.09794,sp5:0.07528):0.02581):0.02102,sp16:0.16798):0.03012,
sp7:0.19679):0.01618,sp15:0.09062):0.01960,sp11:0.24582):0.05055,
sp10:0.21011):0.03381,(sp9:0.14805,(sp12:0.05939,((sp13:0.00969,
sp1:0.07052):0.00270,sp14:0.03173):0.02589):0.01107):0.00873,sp8:0.08407);
