(((((((((sp3:0.17983,(sp4:0.10954,sp5:0.08010):0.01700):0.01653,
sp2:0.51068):0.02626,sp6:0.36086):0.02789,sp16:0.20012):0.01625,
sp11:0.30204):0.01333,sp7:0.24828):0.00796,sp15:0.10245):0.02871,
sp10:0.25193):0.03349,(sp9:0.12991,(sp12:0.05627,(sp14:0.02742,
(sp13:0.02530,sp1:0.10443):0.00290):0.03037):0.02426):0.01341,sp8:0.10123);
