((sp9:0.15499,(sp12:0.02862,((sp13:0.01198,sp14:0.03137):0.01995,
sp1:0.09428):0.01394):0.01506):0.01620,(sp10:0.22928,((sp11:0.30369,
sp15:0.08798):0.00837,(sp7:0.17027,((((sp4:0.09697,sp5:0.08434):0.02594,
(sp2:0.46445,sp3:0.14216):0.06472):0.01252,sp6:0.27675):0.00557,
sp16:0.18150):0.02085):0.03842):0.03819):0.03780,sp8:0.10111);
