((sp9:0.20948,((((((((sp3:0.18051,sp2:0.49499):0.02399,sp4:0.12944):0.00933,
sp5:0.09439):0.03940,(sp16:0.18482,sp6:0.23971):0.01061):0.01287,
sp7:0.17290):0.03882,sp15:0.10649):0.02349,sp11:0.30830):0.04046,
sp10:0.24702):0.04085):0.01292,(sp12:0.04361,(sp13:0.01568,
(sp1:0.13594,sp14:0.03640):0.00245):0.01377):0.02202,sp8:0.06371);
