((sp9:0.16729,(sp12:0.03900,(sp13:0.01374,(sp14:0.04216,
sp1:0.12676):0.00418):0.02032):0.01782):0.00913,((((((((sp3:0.17608,
sp2:0.37162):0.03194,(sp4:0.09408,sp5:0.07109):0.01281):0.01763,
sp6:0.35241):0.01127,sp16:0.19377):0.01981,sp7:0.23107):0.02783,
sp15:0.07420):0.02074,sp11:0.33313):0.02929,sp10:0.28733):0.00722,sp8:0.09814);
