(sp9:0.17936,(((((((((sp3:0.12808,sp2:0.52903):0.05652,(sp4:0.09022,
sp5:0.06988):0.03675):0.00302,sp6:0.22059):0.02875,sp7:0.19981):0.00830,
sp16:0.17618):0.02354,sp11:0.22381):0.01041,sp15:0.07140):0.04393,
sp10:0.23070):0.02236,(sp12:0.03693,(sp13:0.00547,(sp14:0.03236,
sp1:0.09733):0.00143):0.02172):0.01270):0.01472,sp8:0.10166);
