((sp9:0.15349,((sp11:0.27314,(((((sp2:0.41436,((sp3:0.18164,
sp4:0.09629):0.01363,sp5:0.05860):0.02200):0.00836,sp6:0.22513):0.03708,
sp16:0.17645):0.02206,sp7:0.21826):0.00800,sp15:0.06811):0.01302):0.06289,
sp10:0.24620):0.01282):0.01172,(sp12:0.05436,(sp1:0.11298,
(sp14:0.03105,sp13:0.01362):0.00927):0.02211):0.01564,sp8:0.07820);
