((sp9:0.10259,((((((((sp3:0.15927,(sp5:0.07656,sp4:0.11490):0.00424):0.02110,
sp2:0.45712):0.00489,sp6:0.26476):0.03154,sp16:0.19521):0.01114,
sp7:0.27299):0.00735,sp11:0.21642):0.01609,sp15:0.07774):0.03614,
sp10:0.20721):0.05025):0.00489,(sp12:0.06168,((sp1:0.10914,
sp14:0.03842):0.00264,sp13:0.02058):0.01172):0.00787,sp8:0.08054);
