((sp12:0.05290,(sp1:0.13375,(sp14:0.03087,sp13:0.01541):0.00759):0.03552):0.02037,
(sp9:0.13767,((((((((sp3:0.09028,sp2:0.46580):0.04265,(sp5:0.07256,
sp4:0.10383):0.02301):0.01297,sp6:0.21640):0.02187,sp7:0.21414):0.02168,
sp16:0.17788):0.01801,sp15:0.09578):0.03020,sp11:0.24377):0.02458,
sp10:0.25126):0.01817):0.00632,sp8:0.08379);
