(sp9:0.16205,(((((((((sp3:0.16185,sp2:0.42569):0.02962,(sp5:0.05808,
sp4:0.09573):0.03380):0.01971,sp6:0.21250):0.02596,sp16:0.18758):0.01715,
sp7:0.19649):0.01999,sp15:0.10876):0.02095,sp11:0.27909):0.06538,
sp10:0.26440):0.03288,(sp12:0.05128,((sp1:0.09799,sp14:0.02181):0.00194,
sp13:0.01988):0.01971):0.03106):0.01072,sp8:0.08932);
