((sp9:0.18779,(sp12:0.06465,((sp13:0.02265,sp14:0.02987):0.00884,
sp1:0.08054):0.02630):0.01423):0.02007,(sp10:0.23111,((sp11:0.22928,
sp15:0.08799):0.00227,(sp7:0.18293,(sp16:0.21192,((sp3:0.14289,
sp2:0.47363):0.04098,((sp4:0.10807,sp5:0.05913):0.02388,
sp6:0.24811):0.00437):0.02322):0.02677):0.03415):0.04183):0.02776,sp8:0.05899);
