((sp9:0.16891,((((((((sp3:0.17827,sp2:0.37873):0.03829,(sp4:0.08351,
sp5:0.08433):0.01624):0.01606,sp6:0.24876):0.01140,sp16:0.18530):0.04092,
sp7:0.25613):0.03738,sp15:0.10170):0.01088,sp11:0.23544):0.03586,
sp10:0.25638):0.03679):0.00781,(sp12:0.04032,((sp13:0.01515,
sp14:0.04637):0.00868,sp1:0.13683):0.02084):0.02272,sp8:0.08086);
