((sp9:0.13060,(sp12:0.05919,((sp1:0.11204,sp14:0.04587):0.00535,
sp13:0.01460):0.02381):0.01732):0.00384,(sp10:0.21592,(sp15:0.11041,
(sp11:0.31639,(sp7:0.17726,((((sp3:0.14029,sp2:0.48573):0.02354,
sp4:0.06095):0.02100,(sp5:0.08232,sp6:0.25998):0.01462):0.02468,
sp16:0.22494):0.00868):0.01516):0.01789):0.07887):0.02806,sp8:0.07980);
