(((sp11:0.27447,((((((sp2:0.41498,sp3:0.15046):0.04470,(sp5:0.06696,
sp4:0.13761):0.01460):0.00631,sp6:0.29398):0.02453,sp16:0.12281):0.01015,
sp7:0.21192):0.03287,sp15:0.08555):0.02312):0.04459,sp10:0.27149):0.01040,
(sp9:0.15937,(sp12:0.04968,((sp1:0.13061,sp14:0.03054):0.00672,
sp13:0.02621):0.01471):0.01744):0.00715,sp8:0.07721);
