((sp9:0.21208,(sp12:0.04604,((sp1:0.08030,sp14:0.02951):0.00608,
sp13:0.01873):0.02634):0.03153):0.01032,(sp10:0.21301,(sp11:0.27159,
(sp15:0.11540,((((sp3:0.15551,sp2:0.48942):0.06003,(sp5:0.07504,
sp4:0.08205):0.02748):0.01167,sp6:0.23984):0.02194,(sp16:0.13342,
sp7:0.22228):0.00977):0.01901):0.02320):0.04644):0.03024,sp8:0.07427);
