((sp9:0.17828,((((((((sp3:0.14795,sp2:0.50251):0.05221,(sp4:0.11769,
sp5:0.06459):0.02240):0.01763,sp6:0.28082):0.01746,sp16:0.22230):0.02304,
sp7:0.23051):0.04999,sp15:0.09932):0.00245,sp11:0.27485):0.04179,
sp10:0.22971):0.01724):0.00532,(sp12:0.05624,((sp13:0.00651,
sp14:0.03018):0.01148,sp1:0.08696):0.02207):0.02123,sp8:0.11718);
