((((((((sp3:0.15336,sp2:0.46459):0.03520,(sp5:0.05441,sp4:0.08621):0.00778):0.02347,
sp6:0.24828):0.04384,(sp16:0.16607,sp7:0.21539):0.00887):0.02468,
sp15:0.08048):0.02511,sp11:0.26183):0.06280,sp10:0.21461):0.02141,
(sp9:0.21068,(sp12:0.03308,((sp1:0.11368,sp14:0.01167):0.00287,
sp13:0.02176):0.01743):0.01761):0.00546,sp8:0.06029);
