((sp9:0.13617,(sp12:0.05208,((sp1:0.06741,sp14:0.03155):0.00622,
sp13:0.02683):0.04008):0.01678):0.00969,(sp10:0.24548,(sp11:0.27578,
(sp15:0.10522,(sp7:0.20226,((((sp3:0.13572,sp2:0.40485):0.04259,
sp6:0.24350):0.01522,(sp5:0.07731,sp4:0.07315):0.02109):0.01838,
sp16:0.16277):0.01316):0.02615):0.01075):0.05166):0.03379,sp8:0.08842);
