((sp9:0.13898,((((((((sp3:0.13855,sp2:0.42653):0.05375,(sp4:0.08559,
sp5:0.06559):0.01140):0.01315,sp6:0.26794):0.01803,sp16:0.14899):0.05301,
sp7:0.20898):0.01377,sp15:0.13737):0.01643,sp11:0.26644):0.05112,
sp10:0.18230):0.03697):0.00674,(sp12:0.03129,(sp13:0.01879,
(sp14:0.03017,sp1:0.11379):0.00125):0.02279):0.01589,sp8:0.10092);
