((((((((((sp3:0.13653,sp2:0.42072):0.04676,sp5:0.10938):0.01021,
sp4:0.12289):0.01790,sp6:0.30138):0.03378,sp16:0.18394):0.00492,
sp7:0.19536):0.03176,sp15:0.09259):0.02076,sp11:0.36243):0.03922,
sp10:0.19600):0.04825,(sp9:0.18123,(sp12:0.05338,((sp13:0.01742,
sp14:0.05069):0.00125,sp1:0.10847):0.01861):0.03068):0.01406,sp8:0.09070);
