((sp9:0.15804,(sp12:0.04186,((sp13:0.01638,sp14:0.03351):0.00481,
sp1:0.08150):0.03363):0.01110):0.01053,((sp11:0.30673,sp10:0.25230):0.01221,
(sp15:0.07915,(sp16:0.16164,(((sp4:0.10098,sp5:0.07866):0.00987,
sp6:0.25675):0.01862,((sp2:0.47105,sp3:0.14816):0.05412,
sp7:0.22288):0.02590):0.00572):0.03072):0.03363):0.04322,sp8:0.13421);
