((sp9:0.12442,((((((((sp3:0.14914,sp2:0.46998):0.02683,(sp5:0.06738,
sp4:0.10446):0.01469):0.01068,sp6:0.23657):0.02381,sp16:0.19109):0.01209,
sp7:0.19909):0.04461,sp11:0.26810):0.01218,sp15:0.08943):0.05451,
sp10:0.20073):0.01656):0.00654,(sp12:0.04170,((sp1:0.08800,
sp14:0.02391):0.00389,sp13:0.01850):0.03079):0.01175,sp8:0.08631);
