(sp12:0.03988,((sp1:0.09791,(sp14:0.01997,sp13:0.01811):0.00386):0.01931,
(sp9:0.15191,((((((((sp3:0.16353,sp2:0.44337):0.02971,(sp5:0.09161,
sp4:0.10015):0.02224):0.00393,sp6:0.21323):0.02295,sp16:0.18233):0.01256,
sp7:0.25284):0.03248,sp11:0.26155):0.00463,sp15:0.08597):0.03031,
sp10:0.22827):0.04277):0.00652):0.00805,sp8:0.08603);
