((sp9:0.19979,(sp12:0.05406,((sp13:0.00381,sp14:0.01935):0.01382,
sp1:0.11084):0.01990):0.03971):0.00976,(sp10:0.18489,(sp11:0.24540,
(sp15:0.10082,(((((sp4:0.11105,sp5:0.09184):0.01438,(sp2:0.37909,
sp3:0.14651):0.04124):0.01313,sp6:0.33295):0.02031,sp16:0.20222):0.00706,
sp7:0.20859):0.02545):0.01665):0.04460):0.02955,sp8:0.08583);
