((sp12:0.06165,(sp13:0.01289,(sp14:0.04966,sp1:0.12288):0.00681):0.01360):0.01232,
(sp9:0.14849,((sp11:0.26942,((((((sp4:0.08194,(sp2:0.46206,
sp3:0.15229):0.05856):0.00862,sp5:0.09225):0.03156,sp6:0.25254):0.02404,
sp16:0.18426):0.00958,sp7:0.22426):0.01035,sp15:0.09026):0.01111):0.07007,
sp10:0.26084):0.01537):0.00959,sp8:0.07844);
