((((((((((sp3:0.13927,sp2:0.41165):0.04813,sp4:0.10661):0.02823,
sp5:0.11318):0.00955,sp6:0.21140):0.01997,sp7:0.22767):0.00828,
sp16:0.18367):0.01578,sp11:0.35725):0.00422,sp15:0.09434):0.03741,
sp10:0.21340):0.01657,(sp9:0.16758,(sp12:0.05617,(sp14:0.02901,
(sp1:0.08248,sp13:0.00336):0.00243):0.01485):0.01848):0.01257,sp8:0.06827);
