((sp9:0.14219,(sp12:0.05168,((sp13:0.00808,sp14:0.02072):0.00410,
sp1:0.10756):0.03787):0.02725):0.01058,(sp10:0.25132,(sp15:0.09086,
(((sp3:0.14150,sp2:0.48782):0.01588,((sp4:0.10850,sp5:0.08021):0.01848,
sp6:0.24876):0.02071):0.02953,((sp11:0.30170,sp7:0.20532):0.00381,
sp16:0.17970):0.00377):0.02704):0.04774):0.05465,sp8:0.08244);
