((sp9:0.14819,((((((((sp3:0.14963,sp4:0.11602):0.00808,sp2:0.43076):0.01579,
(sp5:0.08031,sp6:0.23285):0.00506):0.02599,sp16:0.15964):0.05310,
sp7:0.21284):0.02594,sp15:0.11080):0.00043,sp11:0.27584):0.07150,
sp10:0.24988):0.03094):0.00286,(sp12:0.06374,((sp1:0.09891,
sp14:0.04402):0.00468,sp13:0.02637):0.01860):0.01157,sp8:0.09344);
