(((((((((sp3:0.17620,sp2:0.47495):0.04329,(sp4:0.13534,sp5:0.08173):0.02346):0.01207,
sp6:0.27533):0.03179,sp16:0.18260):0.02176,sp7:0.19552):0.03007,
sp15:0.10752):0.00385,sp11:0.28663):0.05909,sp10:0.24974):0.02843,
((sp9:0.15923,sp12:0.07172):0.01148,((sp13:0.01093,sp14:0.04639):0.00851,
sp1:0.14089):0.03009):0.00482,sp8:0.08272);
