((sp12:0.06065,(sp1:0.07983,(sp14:0.03060,sp13:0.01722):0.00943):0.02101):0.01663,
(sp9:0.13548,(sp10:0.23341,(sp11:0.24610,((((((sp3:0.13760,
sp2:0.51285):0.03376,(sp5:0.09698,sp4:0.16303):0.00920):0.01160,
sp6:0.25778):0.01936,sp16:0.18400):0.01403,sp7:0.16982):0.00881,
sp15:0.10739):0.00800):0.04342):0.03796):0.01396,sp8:0.06839);
