(sp10:0.24902,((sp9:0.16898,(sp12:0.05378,(sp1:0.10306,(sp14:0.01698,
sp13:0.00973):0.01272):0.01757):0.01839):0.01151,(sp11:0.33275,
(((((sp3:0.11950,sp2:0.49811):0.03872,(sp5:0.06722,sp4:0.12488):0.01803):0.00835,
sp6:0.19140):0.03012,(sp16:0.17129,sp7:0.16545):0.01828):0.01995,
sp15:0.08840):0.01016):0.06997):0.00512,sp8:0.10724);
