(((((((((sp3:0.18418,sp2:0.37185):0.01607,sp4:0.07874):0.01211,
sp5:0.07256):0.04330,(sp16:0.16052,sp6:0.31129):0.00727):0.00348,
sp7:0.22267):0.03296,sp15:0.08442):0.03155,sp11:0.26011):0.03394,
sp10:0.24138):0.02228,(sp9:0.15102,(sp12:0.04654,(sp13:0.01628,
(sp1:0.07269,sp14:0.02660):0.00803):0.01581):0.01289):0.00884,sp8:0.08286);
