((sp9:0.19575,(sp12:0.05105,((sp13:0.01158,sp14:0.03634):0.01528,
sp1:0.10657):0.01751):0.03953):0.00935,(sp10:0.28336,((sp11:0.30772,
sp15:0.08183):0.02534,(sp16:0.21143,(sp7:0.23204,((sp3:0.20589,
sp2:0.44454):0.04332,((sp4:0.09505,sp5:0.07235):0.01786,
sp6:0.23954):0.01025):0.02640):0.01554):0.02795):0.04598):0.02542,sp8:0.11777);
