((sp9:0.13478,(sp12:0.04349,((sp13:0.01248,sp14:0.03425):0.00617,
sp1:0.09707):0.02476):0.02617):0.01383,(sp10:0.27494,(sp11:0.26982,
((((sp4:0.09577,((sp2:0.39228,sp3:0.12522):0.08335,(sp5:0.08190,
sp6:0.23987):0.01173):0.00660):0.01944,sp16:0.15523):0.01291,
sp7:0.16426):0.01453,sp15:0.09141):0.01122):0.04533):0.02173,sp8:0.05363);
