((sp9:0.16870,(sp12:0.05356,(sp13:0.01889,(sp14:0.02159,
sp1:0.10691):0.00249):0.00879):0.03218):0.01052,(sp10:0.22878,
(sp15:0.07502,(sp11:0.28459,(sp16:0.18683,(sp7:0.21385,(((sp3:0.13401,
sp2:0.37971):0.06222,(sp4:0.10602,sp5:0.08616):0.01579):0.00698,
sp6:0.23980):0.01509):0.00932):0.03260):0.00598):0.07117):0.01247,sp8:0.09579);
