((sp12:0.02691,(sp1:0.09048,(sp14:0.01507,sp13:0.00859):0.01766):0.00914):0.02433,
(sp9:0.15849,(sp10:0.25868,(sp11:0.27073,((((((sp3:0.16655,
sp2:0.51351):0.04355,(sp5:0.07320,sp4:0.10756):0.02143):0.01046,
sp6:0.26509):0.02482,sp7:0.21306):0.01266,sp16:0.17491):0.01255,
sp15:0.07825):0.02055):0.04983):0.01585):0.02195,sp8:0.06092);
