((sp9:0.18588,(sp12:0.06118,(sp13:0.02205,(sp14:0.04028,
sp1:0.08459):0.01103):0.02035):0.01782):0.01209,(((((((sp3:0.13476,
sp2:0.40308):0.05686,(sp4:0.11112,sp5:0.06906):0.01414):0.02937,
sp6:0.21704):0.02173,sp16:0.16268):0.02134,sp7:0.16692):0.03312,
(sp11:0.27498,sp15:0.08266):0.00861):0.05271,sp10:0.28839):0.03541,sp8:0.09178);
