((sp12:0.05766,((sp1:0.11515,sp14:0.02852):0.00661,sp13:0.01426):0.01885):0.03940,
(sp9:0.11797,(sp10:0.20343,(sp11:0.30717,((((((sp3:0.17906,
sp2:0.38164):0.04162,(sp5:0.05635,sp4:0.08560):0.02544):0.01182,
sp6:0.25839):0.02391,sp7:0.21465):0.01109,sp16:0.18359):0.01962,
sp15:0.09376):0.00511):0.04910):0.04657):0.00497,sp8:0.07901);
