(sp3:0.16530,((sp6:0.25363,(sp5:0.08709,sp4:0.10054):0.01724):0.01155,
(((((sp10:0.20760,((sp9:0.18741,((sp1:0.10324,(sp13:0.02239,
sp14:0.03350):0.01053):0.04906,sp12:0.07634):0.01281):0.00968,
sp8:0.12264):0.03910):0.11972,sp11:0.24205):0.00622,sp15:0.09701):0.02420,
sp7:0.22145):0.00317,sp16:0.21186):0.03292):0.05575,sp2:0.51011);
