(sp3:0.21273,((sp4:0.14113,sp5:0.10998):0.00741,(((((sp11:0.28804,
(sp10:0.20662,(sp9:0.17004,(sp8:0.08340,((sp1:0.10663,(sp14:0.05025,
sp13:0.01487):0.01621):0.03090,sp12:0.06341):0.02630):0.01422):0.02066):0.04279):0.02438,
sp15:0.12344):0.01915,sp7:0.22510):0.01019,sp16:0.20378):0.00636,
sp6:0.33999):0.02143):0.06138,sp2:0.52997);
