(sp3:0.20049,(sp4:0.11729,((((((sp11:0.32372,(sp10:0.31553,
((sp9:0.20564,((sp1:0.12330,(sp13:0.02784,sp14:0.02914):0.01199):0.03780,
sp12:0.05629):0.01897):0.01124,sp8:0.08676):0.03234):0.04944):0.02374,
sp15:0.11424):0.03946,sp7:0.27043):0.01170,sp16:0.20541):0.01320,
sp6:0.29972):0.01656,sp5:0.10409):0.00810):0.06863,sp2:0.47586);
