(sp3:0.21610,((((((sp11:0.32475,(sp10:0.27132,(sp9:0.14438,
(sp8:0.11067,((sp1:0.12474,(sp13:0.01585,sp14:0.05031):0.01288):0.02019,
sp12:0.06546):0.01315):0.01626):0.02550):0.04388):0.00905,
sp15:0.11361):0.02988,sp16:0.16291):0.01306,sp7:0.23882):0.01491,
sp6:0.26628):0.02238,(sp4:0.11674,sp5:0.12050):0.01494):0.04103,sp2:0.52906);
