(sp3:0.21045,((((((sp11:0.34800,(sp10:0.25652,(sp9:0.17785,
(sp8:0.08190,((sp1:0.10567,(sp13:0.01257,sp14:0.03675):0.00694):0.04152,
sp12:0.05585):0.02624):0.00591):0.04253):0.03112):0.01648,
sp15:0.15606):0.01006,sp16:0.18798):0.01596,sp7:0.24554):0.02950,
sp6:0.32015):0.00464,(sp4:0.12314,sp5:0.09834):0.00892):0.01358,sp2:0.47199);
