(sp3:0.17258,(((sp7:0.25123,sp16:0.26033):0.00750,((sp11:0.26803,
(sp10:0.26606,(sp9:0.18621,(sp8:0.10918,((sp1:0.10907,(sp13:0.00927,
sp14:0.02651):0.02060):0.03336,sp12:0.06966):0.00819):0.00994):0.04233):0.05474):0.01035,
sp15:0.09776):0.04951):0.03909,(sp6:0.37635,(sp5:0.09516,
sp4:0.10435):0.01340):0.01040):0.06242,sp2:0.57509);
