(sp3:0.14988,((sp6:0.36674,(((((sp10:0.28153,((sp9:0.19141,
(((sp1:0.11031,sp14:0.05113):0.00467,sp13:0.02605):0.02293,
sp12:0.07087):0.02497):0.02278,sp8:0.13355):0.05568):0.04173,
sp11:0.30555):0.01227,sp15:0.10247):0.05044,sp16:0.18374):0.01506,
sp7:0.22944):0.02051):0.01419,(sp4:0.14830,sp5:0.10032):0.01828):0.03705,sp2:0.53034);
