(sp3:0.15053,(sp5:0.12236,(sp4:0.16105,(sp6:0.29697,((((sp10:0.30534,
((sp9:0.17930,((sp1:0.09318,(sp14:0.05002,sp13:0.01470):0.01745):0.01881,
sp12:0.06648):0.02370):0.01706,sp8:0.10776):0.02012):0.06522,
sp11:0.30382):0.01111,sp15:0.09195):0.03250,(sp7:0.25954,
sp16:0.20109):0.00995):0.01833):0.03614):0.01955):0.03969,sp2:0.52434);
