(sp6:0.29494,(sp3:0.15940,(((sp11:0.32519,(sp10:0.22678,
((sp9:0.20392,((sp1:0.09719,(sp13:0.01491,sp14:0.03440):0.01817):0.01605,
sp12:0.06608):0.01146):0.00333,sp8:0.09703):0.04477):0.08303):0.01112,
sp15:0.11284):0.04358,(sp7:0.23918,(sp16:0.22857,(sp5:0.07303,
sp4:0.15858):0.01787):0.00409):0.00490):0.00829):0.05234,sp2:0.42603);
