(sp3:0.18484,(((((sp11:0.26718,(sp10:0.25308,((sp9:0.22588,
sp8:0.10130):0.00510,((sp1:0.11626,(sp14:0.02976,sp13:0.01902):0.03120):0.02573,
sp12:0.07854):0.01027):0.03728):0.07460):0.01566,sp15:0.10886):0.02613,
sp7:0.21314):0.01836,sp16:0.20980):0.03814,(sp6:0.29914,
(sp4:0.11082,sp5:0.09590):0.01870):0.00743):0.05616,sp2:0.54034);
