(sp3:0.14432,(((((sp11:0.32804,(sp10:0.24906,((sp9:0.16352,
((sp1:0.11048,(sp13:0.01297,sp14:0.02809):0.01000):0.02221,
sp12:0.07839):0.04139):0.00858,sp8:0.10936):0.01898):0.04562):0.03117,
sp15:0.10606):0.01913,sp7:0.22430):0.03164,(sp6:0.27261,
sp16:0.20306):0.01852):0.01176,(sp5:0.10316,sp4:0.14213):0.01578):0.02947,sp2:0.51699);
