(sp3:0.19135,(sp4:0.12026,(sp5:0.06449,(sp6:0.33573,((((sp11:0.31388,
sp15:0.10169):0.00426,(sp10:0.27673,(sp9:0.19489,(sp8:0.11113,
((sp1:0.12470,(sp14:0.02444,sp13:0.01834):0.01779):0.01986,
sp12:0.06135):0.03219):0.01468):0.02678):0.07298):0.03991,
sp7:0.21879):0.00481,sp16:0.23343):0.00893):0.02984):0.00480):0.01709,sp2:0.49268);
