(((sp3:0.20629,sp5:0.09044):0.02016,sp4:0.14605):0.00942,
(((sp11:0.34484,((sp10:0.24805,((sp9:0.18831,(((sp1:0.10050,
sp14:0.03365):0.00779,sp13:0.01608):0.04263,sp12:0.04683):0.01739):0.00687,
sp8:0.08069):0.01932):0.06715,sp15:0.10981):0.00689):0.01058,
sp7:0.23151):0.01535,(sp16:0.26879,sp6:0.25614):0.00184):0.02923,sp2:0.52468);
