(sp3:0.12795,(((((sp11:0.29965,((sp10:0.29029,(sp9:0.19787,
(sp8:0.09139,((sp1:0.10727,(sp14:0.04489,sp13:0.02114):0.01198):0.03927,
sp12:0.05644):0.01485):0.00610):0.04243):0.06172,sp15:0.11499):0.00829):0.01861,
sp7:0.22996):0.02728,sp16:0.17714):0.03172,(sp4:0.14849,
sp5:0.09148):0.01168):0.00196,sp6:0.27824):0.03517,sp2:0.48662);
