(sp3:0.18096,((sp5:0.07634,sp4:0.09870):0.01819,((((((sp10:0.30787,
(sp9:0.17813,(((sp1:0.14655,(sp14:0.04947,sp13:0.01809):0.01027):0.01859,
sp12:0.03914):0.02418,sp8:0.09415):0.00923):0.04022):0.02747,
sp11:0.24740):0.03220,sp15:0.08202):0.03293,sp16:0.21108):0.01153,
sp7:0.24240):0.02347,sp6:0.26240):0.01472):0.03820,sp2:0.47085);
