(sp3:0.14716,(sp5:0.08203,((((((sp11:0.35183,(sp10:0.25764,
(sp9:0.23999,(sp8:0.10516,((sp1:0.13182,(sp14:0.02858,sp13:0.01274):0.01869):0.04290,
sp12:0.05111):0.02952):0.00533):0.03023):0.03641):0.01161,
sp15:0.14955):0.04212,sp7:0.22533):0.01638,sp16:0.16971):0.02198,
sp6:0.35816):0.02129,sp4:0.10132):0.00362):0.04708,sp2:0.48528);
