(sp3:0.19777,(((((sp11:0.28979,(sp10:0.22871,((sp9:0.19934,
((sp1:0.10436,(sp14:0.03907,sp13:0.01985):0.00838):0.03681,
sp12:0.05402):0.01652):0.00546,sp8:0.07856):0.05377):0.04367):0.01458,
sp15:0.12377):0.04067,(sp16:0.23405,sp7:0.21840):0.01354):0.02111,
sp6:0.26745):0.00476,(sp4:0.11364,sp5:0.08099):0.03325):0.09481,sp2:0.47346);
