(sp3:0.20454,((sp4:0.11843,sp5:0.09192):0.02203,(sp6:0.26033,
(sp16:0.16565,(sp7:0.23013,(sp11:0.30013,(((sp10:0.19887,
sp8:0.08462):0.01021,(sp9:0.19256,((sp1:0.09556,(sp13:0.01197,
sp14:0.04516):0.00441):0.01918,sp12:0.04251):0.03188):0.01003):0.08928,
sp15:0.10594):0.01030):0.00371):0.01678):0.02953):0.00269):0.01969,sp2:0.49608);
