(sp3:0.16599,((sp5:0.07731,sp4:0.13868):0.01683,(sp6:0.24877,
(sp16:0.17712,(sp7:0.18439,((sp11:0.32303,((sp10:0.23299,
sp9:0.26565):0.01931,(sp8:0.11046,((sp1:0.13046,(sp13:0.00461,
sp14:0.06430):0.01931):0.02500,sp12:0.08720):0.02260):0.01576):0.06589):0.02711,
sp15:0.11046):0.00705):0.01896):0.01121):0.02913):0.04372,sp2:0.53678);
