(sp3:0.19031,((sp4:0.14276,sp5:0.07872):0.01735,(((((sp11:0.35252,
(sp10:0.24103,(sp9:0.22226,(sp8:0.09114,((sp1:0.10793,(sp14:0.04287,
sp13:0.01880):0.00960):0.02336,sp12:0.04940):0.02942):0.01088):0.03021):0.06283):0.02508,
sp15:0.13154):0.02293,sp7:0.20364):0.00750,sp16:0.20012):0.03896,
sp6:0.29737):0.00966):0.05387,sp2:0.47837);
