(sp3:0.16834,(((((((sp11:0.32311,(sp10:0.27862,((sp9:0.20002,
((sp1:0.09811,(sp14:0.03031,sp13:0.01445):0.01168):0.04165,
sp12:0.06489):0.02780):0.00982,sp8:0.11816):0.03662):0.04830):0.00767,
sp15:0.14365):0.01920,sp7:0.22187):0.01023,sp6:0.27812):0.02061,
sp16:0.18154):0.01454,sp5:0.07775):0.01201,sp4:0.12882):0.06003,sp2:0.47812);
