(sp3:0.18789,((((((sp11:0.29290,(sp10:0.24498,(sp9:0.17470,
(sp8:0.09168,((sp1:0.09252,(sp14:0.04480,sp13:0.01692):0.01944):0.03328,
sp12:0.06947):0.01418):0.00248):0.04232):0.05080):0.04175,
sp15:0.12555):0.01385,sp16:0.21917):0.01022,sp7:0.20853):0.01671,
sp6:0.25481):0.02336,(sp5:0.12960,sp4:0.14874):0.00540):0.01479,sp2:0.46833);
