(sp3:0.17800,(sp4:0.15220,(sp5:0.08973,((((sp11:0.30830,
(sp10:0.31176,(sp9:0.15413,(sp8:0.11256,((sp1:0.10040,(sp13:0.01728,
sp14:0.04261):0.00894):0.03380,sp12:0.08206):0.02591):0.01847):0.04471):0.05539):0.02578,
sp15:0.10291):0.03616,sp7:0.23925):0.03004,(sp6:0.29931,
sp16:0.20399):0.00879):0.03450):0.01824):0.05378,sp2:0.49527);
