(sp3:0.21249,((sp4:0.14714,sp5:0.09396):0.01556,((((sp11:0.28927,
(sp10:0.28784,((sp9:0.19547,((sp1:0.11617,(sp13:0.00947,
sp14:0.02434):0.01127):0.02166,sp12:0.05892):0.01932):0.01228,
sp8:0.09621):0.03554):0.04092):0.01724,sp15:0.14532):0.05410,
sp7:0.22093):0.01325,(sp6:0.32214,sp16:0.21057):0.00990):0.00777):0.05859,sp2:0.54915);
