(sp3:0.18525,((sp6:0.33425,((((sp11:0.31292,sp15:0.10256):0.01843,
(sp10:0.26444,(sp9:0.18140,(sp8:0.10662,(((sp1:0.11620,sp14:0.04813):0.00440,
sp13:0.01858):0.02089,sp12:0.05143):0.03656):0.01366):0.02595):0.06482):0.01859,
sp16:0.23222):0.01948,sp7:0.23825):0.01117):0.02786,(sp5:0.09150,
sp4:0.13117):0.00827):0.04695,sp2:0.48046);
