(sp3:0.14092,(((((((sp11:0.35678,(sp10:0.22864,((sp9:0.16375,
((sp1:0.12819,(sp13:0.01885,sp14:0.03354):0.00430):0.04767,
sp12:0.05710):0.01403):0.02081,sp8:0.09056):0.03199):0.05126):0.03023,
sp15:0.11831):0.05164,sp7:0.23083):0.01965,sp16:0.24168):0.01049,
sp6:0.32891):0.01171,sp4:0.17224):0.00872,sp5:0.11689):0.02990,sp2:0.56098);
