(sp3:0.19857,(sp6:0.24965,(((((sp11:0.34156,(sp10:0.31056,
((sp9:0.20278,sp8:0.10016):0.00427,((sp1:0.10980,(sp14:0.04650,
sp13:0.01880):0.00426):0.03759,sp12:0.08481):0.02201):0.00555):0.06416):0.01270,
sp15:0.10336):0.02657,(sp16:0.21595,sp7:0.17459):0.01029):0.02202,
sp5:0.11262):0.01431,sp4:0.10716):0.01191):0.04496,sp2:0.50534);
