(sp3:0.15069,((((((sp11:0.30209,((sp10:0.26547,((sp9:0.18013,
(sp12:0.06162,((sp1:0.07900,sp14:0.02678):0.01258,sp13:0.02541):0.02361):0.00418):0.02068,
sp8:0.07010):0.04036):0.07032,sp15:0.11819):0.00177):0.03628,
sp7:0.23327):0.01914,sp6:0.29561):0.00694,sp16:0.20062):0.02083,
sp5:0.08451):0.00092,sp4:0.13458):0.03366,sp2:0.53434);
