(sp3:0.16915,(sp6:0.31374,((((((sp11:0.34801,(sp10:0.24786,
(sp9:0.17662,(sp8:0.08850,((sp1:0.10377,(sp14:0.03364,sp13:0.01640):0.01714):0.03158,
sp12:0.04881):0.04986):0.00965):0.01091):0.05889):0.02613,
sp15:0.10381):0.02975,sp7:0.20531):0.03131,sp16:0.22710):0.00766,
sp5:0.13507):0.02008,sp4:0.15142):0.00264):0.03759,sp2:0.43528);
