(sp3:0.15964,((sp6:0.31026,((((sp11:0.34137,(sp10:0.26595,
((sp9:0.16477,(sp12:0.06449,(sp1:0.09298,(sp14:0.04065,sp13:0.00846):0.00327):0.05234):0.02370):0.00863,
sp8:0.12166):0.03582):0.05727):0.00387,sp15:0.08437):0.03756,
sp7:0.24694):0.02545,sp16:0.24167):0.01692):0.01451,(sp5:0.09349,
sp4:0.10278):0.00820):0.04114,sp2:0.52816);
