(sp3:0.18010,(((((((sp10:0.29486,(sp9:0.17462,(((sp1:0.11461,
(sp13:0.01744,sp14:0.02228):0.01546):0.01319,sp12:0.05194):0.02389,
sp8:0.07141):0.02260):0.04758):0.02972,sp15:0.11671):0.00418,
sp11:0.27916):0.05718,sp7:0.23887):0.01320,sp16:0.16852):0.01553,
sp6:0.28324):0.01243,(sp5:0.11609,sp4:0.12202):0.00934):0.04367,sp2:0.47985);
