(sp3:0.18247,((((((sp11:0.38403,(sp10:0.23793,((sp9:0.18059,
(sp12:0.06787,(sp1:0.07954,(sp13:0.01499,sp14:0.03896):0.02100):0.02936):0.02837):0.00500,
sp8:0.08968):0.03025):0.05329):0.03014,sp15:0.12859):0.01984,
sp7:0.21118):0.00653,sp16:0.17195):0.04088,(sp5:0.08887,
sp4:0.15021):0.00922):0.00771,sp6:0.31535):0.03453,sp2:0.51178);
