(sp3:0.17295,((((sp11:0.29560,((sp10:0.21535,(sp9:0.18501,
(((sp1:0.13287,(sp14:0.04717,sp13:0.01342):0.00442):0.03531,
sp12:0.06708):0.02400,sp8:0.08036):0.00888):0.03048):0.06318,
sp15:0.11559):0.01849):0.01569,sp7:0.23906):0.03899,(sp6:0.26395,
sp16:0.18773):0.02427):0.02791,(sp5:0.10372,sp4:0.11754):0.01334):0.03293,sp2:0.50896);
