(sp3:0.15464,(((sp6:0.32610,sp16:0.17126):0.01864,(((sp11:0.21447,
(sp10:0.25387,((sp9:0.15008,((sp1:0.09528,(sp14:0.03099,
sp13:0.00948):0.01537):0.03940,sp12:0.04841):0.00651):0.00558,
sp8:0.09256):0.01692):0.07397):0.01845,sp7:0.19591):0.01562,
sp15:0.11541):0.03327):0.01953,(sp5:0.06362,sp4:0.13485):0.01072):0.03885,sp2:0.48583);
