(sp3:0.17489,((sp6:0.30211,((((sp11:0.28450,(sp10:0.29492,
((sp9:0.14743,(sp12:0.08035,(sp1:0.09655,(sp14:0.02544,sp13:0.01988):0.02266):0.02895):0.01535):0.00932,
sp8:0.08516):0.02834):0.07211):0.05000,sp15:0.11029):0.01688,
sp7:0.23688):0.00918,sp16:0.20346):0.02661):0.00805,(sp5:0.11239,
sp4:0.09286):0.01605):0.02222,sp2:0.54289);
