(sp3:0.19954,(((((((sp10:0.31246,((sp9:0.18005,sp8:0.10118):0.01064,
(sp1:0.12070,(sp12:0.06542,(sp14:0.04159,sp13:0.02469):0.01092):0.02064):0.01533):0.04924):0.05057,
sp11:0.25939):0.02267,(sp7:0.26600,sp15:0.15087):0.00811):0.03646,
sp16:0.22176):0.01041,sp6:0.29182):0.01159,sp5:0.09669):0.00780,
sp4:0.10726):0.01341,sp2:0.50418);
