(sp3:0.20658,((sp4:0.10664,sp5:0.07621):0.00572,(sp6:0.31261,
(((((sp10:0.25083,((sp9:0.16653,((sp1:0.10128,(sp13:0.01750,
sp14:0.04754):0.00950):0.02858,sp12:0.08204):0.00434):0.00684,
sp8:0.11073):0.04823):0.07658,sp11:0.22300):0.01683,sp15:0.09139):0.01644,
sp7:0.19567):0.01387,sp16:0.18642):0.01304):0.02867):0.04266,sp2:0.48120);
