(sp3:0.17280,(((((sp11:0.36835,sp15:0.10435):0.00250,(sp10:0.26201,
(sp9:0.14564,(sp8:0.08103,((sp1:0.11896,(sp13:0.01455,sp14:0.03360):0.00609):0.02827,
sp12:0.06069):0.03409):0.02178):0.03102):0.07011):0.02628,
sp7:0.22417):0.02931,(sp16:0.20440,(sp5:0.09464,sp4:0.15458):0.01973):0.01179):0.00557,
sp6:0.27692):0.04183,sp2:0.55830);
