(sp3:0.16469,(((sp11:0.33114,((sp10:0.27458,((sp9:0.17795,
((sp1:0.09484,(sp14:0.03790,sp13:0.01637):0.01826):0.01532,
sp12:0.03096):0.01469):0.02051,sp8:0.09875):0.04408):0.04760,
sp15:0.09719):0.00345):0.04504,sp7:0.21178):0.02192,((sp4:0.11693,
sp5:0.10553):0.02839,(sp6:0.29600,sp16:0.20862):0.00418):0.00904):0.08107,sp2:0.52555);
