(sp3:0.19549,((sp6:0.35604,((((sp11:0.34092,(sp10:0.29633,
((sp9:0.19276,(sp12:0.06136,(sp1:0.08600,(sp14:0.03987,sp13:0.01562):0.00515):0.01653):0.03976):0.01289,
sp8:0.11896):0.02243):0.05720):0.00774,sp15:0.10370):0.02606,
sp16:0.23841):0.01616,sp7:0.21549):0.02017):0.01288,(sp4:0.15074,
sp5:0.10508):0.00914):0.01050,sp2:0.62995);
