(sp3:0.16892,((sp4:0.11755,sp5:0.07305):0.02565,(((((sp11:0.38517,
(sp10:0.24848,(sp9:0.19291,(sp8:0.10151,((sp1:0.07784,(sp14:0.02540,
sp13:0.00624):0.01028):0.02011,sp12:0.04422):0.03599):0.01928):0.03314):0.03561):0.02599,
sp15:0.12738):0.03025,sp16:0.17366):0.00122,sp7:0.24252):0.03391,
sp6:0.29913):0.00273):0.03049,sp2:0.48749);
