(sp3:0.19047,((((sp7:0.24412,sp16:0.20301):0.02264,((sp11:0.26518,
(sp10:0.26032,((sp9:0.20304,((sp1:0.11345,(sp13:0.01455,
sp14:0.03402):0.01317):0.03322,sp12:0.04430):0.03606):0.01364,
sp8:0.15276):0.02860):0.04965):0.02876,sp15:0.13667):0.03167):0.02430,
sp6:0.26616):0.01805,(sp5:0.09033,sp4:0.11903):0.02216):0.05983,sp2:0.54953);
