(sp3:0.17020,(((((sp11:0.28874,(sp10:0.21274,(sp9:0.17760,
(sp8:0.11588,((sp1:0.13919,(sp14:0.03557,sp13:0.00914):0.01001):0.02128,
sp12:0.08118):0.03058):0.00787):0.05025):0.05171):0.01437,
sp15:0.13110):0.03178,(sp7:0.29329,sp16:0.23562):0.00591):0.03751,
sp6:0.28649):0.01325,(sp5:0.10186,sp4:0.12426):0.00538):0.02679,sp2:0.57168);
