(sp3:0.19674,(sp4:0.10465,((((((sp11:0.40577,(sp10:0.30733,
((sp9:0.18185,((sp1:0.13649,(sp13:0.01615,sp14:0.03862):0.00656):0.02142,
sp12:0.04927):0.02214):0.01476,sp8:0.10182):0.03651):0.03365):0.00886,
sp15:0.09546):0.02677,sp7:0.22621):0.02588,sp16:0.22678):0.01774,
sp6:0.39780):0.00593,sp5:0.09588):0.00541):0.04612,sp2:0.38680);
