(sp3:0.17272,((sp6:0.37594,(((((sp10:0.28072,(sp9:0.14775,
(((sp1:0.12053,(sp14:0.06525,sp13:0.02408):0.01211):0.01938,
sp12:0.05957):0.02338,sp8:0.09316):0.01815):0.05042):0.04463,
sp11:0.29588):0.01824,sp15:0.08647):0.01383,sp7:0.24160):0.02443,
sp16:0.17571):0.02258):0.02087,(sp4:0.16819,sp5:0.12118):0.01360):0.03736,sp2:0.50643);
