(sp3:0.16292,((sp4:0.11115,sp5:0.08046):0.03715,(sp6:0.26211,
(sp7:0.22512,((sp11:0.27065,((sp10:0.25605,((sp9:0.19512,
sp8:0.10974):0.00395,((sp1:0.10941,(sp14:0.03243,sp13:0.01241):0.00745):0.03153,
sp12:0.03873):0.02907):0.04410):0.03935,sp15:0.09389):0.00805):0.02356,
sp16:0.21389):0.00811):0.04033):0.00494):0.05580,sp2:0.60386);
