(sp6:0.25840,((((((sp11:0.32405,((sp10:0.23838,((sp9:0.18530,
((sp1:0.09751,(sp13:0.01512,sp14:0.04568):0.01178):0.02702,
sp12:0.03646):0.01750):0.00697,sp8:0.06134):0.02568):0.10746,
sp15:0.11258):0.00495):0.03091,sp7:0.25503):0.01638,sp16:0.24278):0.03608,
sp4:0.13497):0.01698,sp5:0.09650):0.00522,sp3:0.17235):0.01836,sp2:0.45562);
