(sp3:0.17952,(sp6:0.25458,(sp7:0.24202,(((sp11:0.29971,((sp10:0.26310,
((sp9:0.18594,sp8:0.08953):0.00254,((sp1:0.12394,(sp13:0.01460,
sp14:0.03321):0.01294):0.02664,sp12:0.07227):0.00574):0.02118):0.06269,
sp15:0.11480):0.01692):0.01553,sp16:0.17723):0.00810,(sp4:0.12716,
sp5:0.11046):0.00594):0.01190):0.01025):0.04377,sp2:0.49787);
