(sp3:0.15132,(sp4:0.11000,(((((sp11:0.30067,(sp10:0.29195,
(sp9:0.17119,(sp8:0.12211,((sp1:0.11683,(sp13:0.00443,sp14:0.02641):0.00968):0.03726,
sp12:0.04973):0.01214):0.00560):0.05534):0.06041):0.03220,
sp15:0.13119):0.02125,(sp7:0.22035,sp16:0.19588):0.01138):0.03050,
sp6:0.31403):0.00692,sp5:0.09360):0.01372):0.07047,sp2:0.46743);
