(sp3:0.15441,(((sp6:0.28073,((((sp11:0.29412,(sp10:0.21847,
((sp9:0.14658,(((sp1:0.10262,sp14:0.01685):0.01153,sp13:0.02355):0.02460,
sp12:0.05346):0.03034):0.02814,sp8:0.10947):0.03009):0.05688):0.01950,
sp7:0.25730):0.00156,sp15:0.08881):0.02920,sp16:0.19406):0.01806):0.01839,
sp4:0.14624):0.00088,sp5:0.11046):0.05920,sp2:0.50963);
