((((sp11:0.31316,(sp10:0.29665,((sp9:0.16230,((sp1:0.08058,
(sp14:0.00837,sp13:0.01442):0.01643):0.03353,sp12:0.05979):0.03013):0.00271,
sp8:0.12847):0.01713):0.08783):0.01392,sp15:0.10422):0.02018,
sp7:0.29186):0.01451,(sp16:0.21071,(((sp6:0.33223,sp3:0.17190):0.00786,
sp4:0.11382):0.00329,sp5:0.11505):0.02068):0.01046,sp2:0.55345);
