(sp3:0.20540,(sp4:0.11222,((((((sp11:0.31982,(sp10:0.26177,
((sp9:0.19377,((sp1:0.10522,(sp13:0.01859,sp14:0.03518):0.00815):0.02335,
sp12:0.06921):0.02167):0.00779,sp8:0.09537):0.04185):0.05683):0.02136,
sp15:0.11585):0.00978,sp7:0.22099):0.04664,sp16:0.17166):0.01766,
sp6:0.25381):0.00836,sp5:0.09649):0.01940):0.01101,sp2:0.56741);
