(sp3:0.17301,((sp4:0.15415,sp5:0.11270):0.01524,((sp6:0.26343,
sp16:0.20721):0.01289,((sp11:0.36118,((sp10:0.29416,((sp9:0.19835,
sp8:0.10700):0.00700,((sp1:0.11981,(sp14:0.03936,sp13:0.01733):0.00527):0.03540,
sp12:0.09565):0.03741):0.01933):0.07068,sp15:0.12104):0.01623):0.00758,
sp7:0.23309):0.02301):0.04496):0.03693,sp2:0.49821);
