(sp3:0.15587,(sp6:0.30197,(((((sp11:0.32113,sp15:0.11229):0.00787,
(sp10:0.24998,((sp9:0.15448,((sp1:0.12831,(sp14:0.03007,
sp13:0.03344):0.00897):0.02943,sp12:0.05892):0.01836):0.02120,
sp8:0.10787):0.05379):0.06591):0.02708,sp7:0.19592):0.01233,
sp16:0.21387):0.00913,(sp4:0.12737,sp5:0.10307):0.01119):0.00573):0.02531,sp2:0.49244);
