(sp3:0.19055,((((((sp11:0.32819,(sp10:0.25622,(sp9:0.20995,
(sp8:0.11167,((sp1:0.12715,(sp14:0.01666,sp13:0.01796):0.01400):0.02733,
sp12:0.08698):0.03115):0.00998):0.05638):0.05410):0.00381,
sp15:0.11188):0.02313,sp7:0.22568):0.01072,sp16:0.19468):0.01851,
sp6:0.28486):0.00820,(sp4:0.13338,sp5:0.08810):0.00635):0.05409,sp2:0.52642);
