(sp7:0.21229,(sp3:0.17308,(((((sp11:0.35581,sp15:0.13036):0.00603,
(sp10:0.31698,(sp9:0.16772,(((sp1:0.12503,(sp14:0.02913,
sp13:0.01119):0.02770):0.01946,sp12:0.07191):0.02658,sp8:0.05950):0.02105):0.01213):0.08797):0.04314,
sp16:0.20789):0.01265,sp6:0.31108):0.00967,(sp4:0.15249,
sp5:0.06987):0.02175):0.01574):0.02688,sp2:0.46238);
