(sp3:0.20677,((sp4:0.12196,sp5:0.08512):0.02351,((sp7:0.24200,
sp6:0.28391):0.01730,(((sp11:0.28478,(sp10:0.26299,((sp9:0.18661,
sp8:0.11732):0.00125,((sp1:0.10126,(sp14:0.05585,sp13:0.01805):0.01267):0.01947,
sp12:0.07951):0.02398):0.03784):0.04933):0.01719,sp15:0.10810):0.04750,
sp16:0.23476):0.00687):0.02402):0.02293,sp2:0.64940);
