(sp3:0.16742,((sp4:0.10856,sp5:0.08246):0.03947,(((((sp11:0.31313,
(sp10:0.24456,((sp9:0.21673,((sp1:0.09580,(sp13:0.02063,
sp14:0.03589):0.00811):0.02602,sp12:0.05868):0.02033):0.02143,
sp8:0.09237):0.04139):0.04889):0.02360,sp15:0.13644):0.02361,
sp7:0.25037):0.01618,sp16:0.17131):0.01865,sp6:0.29716):0.00655):0.07460,sp2:0.53746);
