((((((sp11:0.32776,(sp10:0.26130,(sp9:0.15022,(sp8:0.10188,
(((sp1:0.11713,sp14:0.03016):0.01025,sp13:0.02962):0.01369,
sp12:0.08345):0.02899):0.01541):0.02838):0.03852):0.01365,
sp15:0.12524):0.02128,sp7:0.24528):0.00947,sp16:0.21430):0.03030,
sp6:0.30438):0.00356,(sp3:0.18637,(sp5:0.08425,sp4:0.08896):0.02049):0.01239,sp2:0.50633);
