(sp3:0.15884,(((((sp11:0.38263,(sp10:0.22141,((sp9:0.18254,
((sp1:0.11658,(sp13:0.01974,sp14:0.04662):0.00450):0.01755,
sp12:0.06317):0.03523):0.01320,sp8:0.09435):0.04975):0.04079):0.03731,
sp15:0.10614):0.02979,(sp16:0.20490,sp7:0.21763):0.01063):0.04314,
sp6:0.31279):0.01241,(sp4:0.13823,sp5:0.10174):0.01976):0.04682,sp2:0.46582);
