(sp3:0.15958,(sp6:0.32083,(((((sp11:0.32651,(sp10:0.32885,
((sp9:0.17661,(sp12:0.07334,(sp1:0.08770,(sp13:0.03386,sp14:0.05273):0.00514):0.03262):0.02602):0.00829,
sp8:0.10346):0.04815):0.05934):0.02701,sp15:0.14136):0.03577,
sp7:0.20135):0.01056,sp16:0.20266):0.02328,(sp4:0.12480,
sp5:0.09520):0.01895):0.00572):0.07008,sp2:0.46557);
