(sp3:0.14505,(sp4:0.16670,(((((((sp10:0.31108,((sp9:0.20228,
((sp1:0.11475,(sp13:0.03328,sp14:0.03271):0.01881):0.01981,
sp12:0.08048):0.01382):0.01745,sp8:0.09109):0.06394):0.02800,
sp11:0.31463):0.02328,sp15:0.08748):0.02607,sp7:0.22731):0.01719,
sp16:0.21443):0.01035,sp6:0.28565):0.01314,sp5:0.10881):0.00208):0.04115,sp2:0.53941);
