(sp3:0.16686,((sp4:0.11954,sp5:0.10299):0.02053,(sp6:0.34846,
((((sp11:0.29068,(((sp9:0.22908,((sp1:0.10564,(sp14:0.02398,
sp13:0.00747):0.01340):0.02557,sp12:0.05537):0.04538):0.00956,
sp8:0.08814):0.03322,sp10:0.19305):0.05200):0.01053,sp15:0.11062):0.02759,
sp7:0.23923):0.01486,sp16:0.23349):0.02398):0.00904):0.04528,sp2:0.40538);
