(sp3:0.19440,(sp5:0.10252,(((((sp11:0.32402,(sp10:0.24022,
((sp9:0.14629,((sp1:0.13997,(sp14:0.02874,sp13:0.01152):0.00811):0.02786,
sp12:0.07587):0.02623):0.00732,sp8:0.07831):0.04811):0.05886):0.01369,
sp15:0.14925):0.03698,(sp7:0.24083,sp16:0.15016):0.01139):0.02599,
sp6:0.28264):0.00843,sp4:0.14581):0.00779):0.03399,sp2:0.50300);
