(sp3:0.17720,((((((sp11:0.34740,(sp10:0.23420,((sp9:0.15092,
((sp1:0.12321,(sp14:0.03794,sp13:0.01246):0.01643):0.02567,
sp12:0.05504):0.01641):0.01152,sp8:0.07171):0.04203):0.05119):0.04178,
sp15:0.08406):0.01780,sp7:0.22524):0.02967,sp16:0.21202):0.02572,
sp6:0.26770):0.00831,(sp4:0.12501,sp5:0.10676):0.01626):0.01335,sp2:0.48185);
