(sp3:0.18938,((sp4:0.12480,sp5:0.09560):0.01449,((((sp11:0.30697,
((sp10:0.24828,((sp9:0.19668,((sp1:0.11625,(sp14:0.02583,
sp13:0.02159):0.01049):0.01167,sp12:0.06988):0.01499):0.00619,
sp8:0.10395):0.05310):0.04120,sp15:0.10199):0.01759):0.02928,
sp7:0.26941):0.01889,sp16:0.21859):0.02164,sp6:0.26739):0.00683):0.03030,sp2:0.46602);
