(sp11:0.33352,(((sp10:0.25790,(sp9:0.18666,(sp8:0.09171,
(sp12:0.07467,(sp1:0.09570,(sp13:0.03138,sp14:0.05357):0.00283):0.04038):0.03434):0.00474):0.02352):0.09629,
sp15:0.16755):0.01996,(((sp6:0.29822,(sp3:0.18695,(sp4:0.11181,
sp5:0.07445):0.01333):0.01863):0.02006,sp16:0.20943):0.00218,
sp7:0.16913):0.00932):0.03525,sp2:0.44888);
