(sp11:0.24642,((sp10:0.30127,((sp9:0.16670,((sp1:0.09812,
(sp13:0.01566,sp14:0.02286):0.00363):0.02227,sp12:0.05413):0.02863):0.01051,
sp8:0.11488):0.03359):0.05707,(((sp6:0.30455,((sp3:0.20888,
sp4:0.14300):0.01128,sp5:0.07178):0.01907):0.01446,(sp16:0.19559,
sp7:0.17177):0.01120):0.01614,sp15:0.11041):0.00842):0.03340,sp2:0.47110);
