(sp3:0.14498,((((((sp11:0.28356,(sp10:0.26175,(sp9:0.13804,
(sp8:0.08539,((sp1:0.09607,(sp13:0.01723,sp14:0.03573):0.02786):0.01946,
sp12:0.06663):0.03618):0.00928):0.04946):0.04581):0.01347,
sp15:0.12310):0.02573,sp16:0.22768):0.01302,sp7:0.25465):0.02417,
sp6:0.31902):0.02133,(sp4:0.09035,sp5:0.07883):0.00837):0.06473,sp2:0.42476);
