(sp3:0.20488,((sp5:0.10378,sp4:0.09940):0.01791,((((sp11:0.31360,
((sp10:0.23731,(sp9:0.20067,(sp8:0.09694,((sp1:0.10043,(sp13:0.00932,
sp14:0.03824):0.01626):0.00981,sp12:0.05253):0.03127):0.00091):0.06181):0.06101,
sp15:0.12568):0.01288):0.02400,sp7:0.23922):0.02111,sp16:0.25407):0.01031,
sp6:0.27108):0.01497):0.02289,sp2:0.42314);
