(sp3:0.20882,((sp4:0.11117,sp5:0.07201):0.01745,((sp6:0.36118,
sp7:0.23691):0.02087,(((sp11:0.28840,sp15:0.10176):0.00694,
(sp10:0.19960,(sp9:0.16796,(((sp1:0.12434,(sp13:0.00967,
sp14:0.02723):0.01423):0.03544,sp12:0.09832):0.02836,sp8:0.05512):0.01805):0.02558):0.03976):0.04365,
sp16:0.22887):0.00485):0.02121):0.04051,sp2:0.50892);
