(sp3:0.23289,(sp6:0.28822,(((((sp11:0.34403,sp15:0.10268):0.01417,
(sp10:0.30046,((sp9:0.20160,((sp1:0.10824,(sp14:0.04127,
sp13:0.01368):0.01477):0.01857,sp12:0.05690):0.04352):0.01073,
sp8:0.14618):0.02426):0.05592):0.04460,sp16:0.23952):0.01231,
sp7:0.25902):0.02669,(sp4:0.10599,sp5:0.09123):0.02256):0.00293):0.04302,sp2:0.50676);
