(sp3:0.19695,(((((sp11:0.32349,(sp10:0.27350,(sp9:0.20836,
(sp8:0.08187,((sp1:0.09010,(sp14:0.05912,sp13:0.01738):0.01830):0.00883,
sp12:0.06978):0.01415):0.01256):0.02684):0.07184):0.02971,
sp15:0.11429):0.02574,(sp16:0.22655,sp7:0.23413):0.01227):0.01717,
sp6:0.31042):0.01117,(sp5:0.08372,sp4:0.11613):0.00822):0.04821,sp2:0.47137);
