(sp3:0.18580,(sp6:0.24911,(sp4:0.13510,((((sp11:0.33258,
sp15:0.13259):0.00251,(sp10:0.26975,(sp9:0.18656,((((sp1:0.12807,
sp14:0.03172):0.00330,sp13:0.01442):0.04495,sp12:0.06136):0.01732,
sp8:0.06162):0.01167):0.04619):0.06464):0.01388,sp7:0.24312):0.01728,
(sp16:0.19038,sp5:0.07739):0.00570):0.01051):0.00990):0.05650,sp2:0.50056);
