(sp3:0.15622,(((((sp11:0.30016,(sp10:0.29912,(sp9:0.19185,
(sp8:0.10558,((sp1:0.11039,(sp14:0.02995,sp13:0.00857):0.01759):0.02519,
sp12:0.06280):0.01049):0.01385):0.01138):0.04693):0.01926,
sp15:0.09235):0.01869,sp7:0.25358):0.01554,(sp6:0.31588,
sp16:0.22832):0.01645):0.02028,(sp4:0.12654,sp5:0.09102):0.00928):0.04490,sp2:0.46960);
