(sp3:0.15001,((((((sp11:0.31752,(sp10:0.26087,(sp9:0.18772,
(sp8:0.10880,((sp1:0.11712,(sp14:0.03750,sp13:0.02650):0.01684):0.01439,
sp12:0.06416):0.03385):0.00582):0.03488):0.02427):0.02394,
sp15:0.09862):0.02565,sp7:0.21559):0.02229,sp16:0.20051):0.00733,
sp6:0.32008):0.01482,(sp4:0.14624,sp5:0.11042):0.00713):0.02417,sp2:0.50279);
