(sp3:0.12316,(((((sp11:0.36359,(sp10:0.28793,((sp9:0.22263,
((sp1:0.12456,(sp14:0.02704,sp13:0.01043):0.02153):0.01510,
sp12:0.06437):0.02593):0.00172,sp8:0.11565):0.02839):0.06864):0.02320,
sp15:0.10861):0.02925,(sp16:0.19521,sp7:0.19341):0.01365):0.03016,
sp6:0.20788):0.00781,(sp4:0.14232,sp5:0.07525):0.01383):0.05719,sp2:0.55286);
