(sp3:0.15457,((sp5:0.08616,sp4:0.11372):0.01925,(sp6:0.26144,
(((((sp10:0.29160,(sp9:0.15754,((((sp1:0.14201,sp14:0.03145):0.00493,
sp13:0.02400):0.02025,sp12:0.08245):0.00966,sp8:0.09053):0.00186):0.05656):0.06652,
sp15:0.10796):0.01228,sp11:0.31811):0.02393,sp7:0.21767):0.00741,
sp16:0.21128):0.01578):0.00936):0.03180,sp2:0.51645);
