(sp3:0.11586,(((((((sp11:0.29433,(sp10:0.22030,(sp9:0.15675,
(((sp1:0.13860,(sp13:0.01270,sp14:0.04894):0.03070):0.01555,
sp12:0.06143):0.02300,sp8:0.09902):0.00483):0.02045):0.07473):0.03893,
sp15:0.08430):0.03535,sp16:0.21976):0.00899,sp7:0.21541):0.01049,
sp6:0.21047):0.02224,sp5:0.07915):0.00559,sp4:0.16015):0.04602,sp2:0.49637);
