(sp3:0.15312,((sp6:0.29746,(((((sp10:0.31014,(sp9:0.17271,
(((sp1:0.14564,(sp14:0.04280,sp13:0.00738):0.02180):0.01633,
sp12:0.06380):0.00307,sp8:0.10881):0.03407):0.02813):0.04939,
sp11:0.26357):0.01923,sp15:0.10692):0.06131,sp7:0.22316):0.01017,
sp16:0.19633):0.02080):0.01492,(sp4:0.13187,sp5:0.08856):0.00463):0.01587,sp2:0.46941);
