(sp3:0.16058,(((((sp11:0.33704,(sp7:0.25197,sp15:0.09668):0.01150):0.01541,
(sp10:0.24446,(sp9:0.18155,(sp8:0.09312,((sp1:0.09388,(sp14:0.04045,
sp13:0.02828):0.00233):0.01841,sp12:0.07209):0.02702):0.02005):0.01210):0.09070):0.01962,
sp16:0.25514):0.01524,sp6:0.29065):0.00677,(sp5:0.09803,
sp4:0.10923):0.02813):0.02576,sp2:0.50905);
