(sp3:0.15472,((sp6:0.29597,((((sp10:0.28347,((sp9:0.14116,
sp8:0.09129):0.00477,((sp1:0.13350,(sp14:0.02583,sp13:0.02752):0.02544):0.03360,
sp12:0.06843):0.01014):0.04880):0.03267,sp11:0.25873):0.03284,
sp15:0.10642):0.04422,(sp7:0.24298,sp16:0.20695):0.00775):0.04025):0.01942,
(sp5:0.08843,sp4:0.12338):0.01350):0.02860,sp2:0.43245);
