(sp3:0.19521,((sp4:0.11326,sp5:0.10551):0.01535,(((((sp11:0.29183,
(sp10:0.29582,(sp9:0.21426,(((sp1:0.09854,(sp14:0.04453,
sp13:0.00500):0.02193):0.01273,sp12:0.05751):0.02816,sp8:0.07365):0.01201):0.03840):0.01618):0.03673,
sp15:0.12395):0.02077,sp7:0.23244):0.04199,sp16:0.18988):0.00675,
sp6:0.28122):0.01446):0.02346,sp2:0.47893);
