(sp3:0.18214,((sp6:0.31904,sp16:0.22430):0.00449,((((sp11:0.33160,
(sp10:0.24208,(sp9:0.15476,((sp1:0.14558,(sp12:0.03988,(sp14:0.03572,
sp13:0.02606):0.02205):0.01182):0.01621,sp8:0.10469):0.01216):0.04180):0.05585):0.03702,
sp15:0.11429):0.03654,sp7:0.21664):0.01490,(sp5:0.08965,
sp4:0.09365):0.02314):0.00416):0.02576,sp2:0.53379);
